1
86
89
91
94
99
102
109
137
142
159
196
229
253
300
303
304
306
312
313
322
323
325
327
393
395
396
398
399
403
415
563
564
565
568
579
603
625
765
904
921
923
925
930
931
934
941
1027
1036
1048
1052
1054
1056
1062
1066
1069
1076
1085
1176
1179
1235
1243
1254
1722
1856
1888
1890
1914
1916
1917
1988
1989
2062
2084
2282
2288
2290
2293
2294
2302
2303
2304
2305
2306
2307
2308
2309
2315
2475
2542
2545
2690
2737
2741
2742
2748
2749
2753
2757
2764
2806
2846
2852
2887
2949
2959
2964
2977
2978
2985
3012
3015
3020
3025
3074
3076
3077
3081
3109
3131
3200
3250
3251
3252
3253
3254
3255
3261
3484
3497
3524
3597
3598
3599
3601
3605
3608
3616
3618
3632
3837
3840
3841
3842
3844
3845
3847
3848
3852
3901
4977
4986
4988
4992
4994
4998
5002
5003
5004
5012
5019
5022
5027
5028
5032
5033
5035
5037
5044
5047
5052
5053
5055
5057
5059
5064
5073
5082
5085
5088
5096
5101
5109
5112
5114
5120
5132
5138
5148
5157
5160
5165
5167
5173
5176
5181
5205
5220
5223
5226
5240
5250
5252
5255
5257
5258
5308
5309
5311
5312
5316
5317
5318
5319
5320
5321
5322
5324
5326
5330
5331
5333
5334
5337
5342
5343
5348
5349
5351
5367
5549
5556
6014
6174
6215
6244
6289
6328
6336
6342
6343
6353
6367
6375
6377
6378
6417
6432
6506
6515
6552
6638
6639
6676
6708
6745
6754
6761
6766
6768
6769
6789
6790
6793
6841
6843
6879
6962
7034
7090
7130
7168
7183
7220
7240
7241
7242
7263
7264
7273
7329
7330
7331
7332
7333
7334
7336
7386
7460
7498
7500
7501
7502
7503
7516
7517
7526
7544
7569
7621
8000
8009
8185
8188
8214
8524
8527
8591
8623
8679
8680
8737
9255
9464
9478
9514
9515
9522
9574
9576
9750
9756
9775
9870
9872
9873
9875
10007
10025
10034
10056
10057
10059
10060
10333
10334
10353
10354
10357
10361
10390
10411
10414
10417
10486
10492
10580
10581
10582
10710
10725
10738
10739
10741
10742
10743
10748
10785
10787
10885
10905
10910
10914
10915
10934
10944
10945
10949
11039
11045
11057
11073
11172
11173
11174
11248
11249
11250
11327
11382
11469
11518
11531
11532
11533
11549
11550
11552
11555
11557
11561
11564
11596
11598
11599
11613
11614
11615
11617
11628
11634
11696
11697
11698
11722
11747
11768
11820
11822
11823
11905
11926
11927
11928
11929
11930
11933
11944
11956
11957
11968
12001
12002
12006
12103
12273
12274
12279
12281
12293
12463
12654
12655
12676
12685
12698
12742
12783
12806
12809
12935
12938
12994
13071
13160
13337
13366
13371
13375
13378
13379
13403
13616
13618
