1
2
7
9
11
15
22
23
25
31
32
39
40
43
44
45
52
56
58
74
80
81
82
86
87
88
89
90
91
93
94
95
96
99
102
103
105
108
109
110
115
119
120
123
129
130
131
132
134
137
142
159
193
196
197
198
199
203
204
205
206
207
208
209
214
215
217
221
223
225
227
229
236
239
245
247
250
253
261
264
265
266
269
276
285
286
293
298
299
300
302
303
304
305
306
307
311
312
313
322
323
325
327
331
333
337
340
342
343
350
352
353
354
356
360
363
364
365
367
368
370
371
373
380
381
382
388
389
392
393
395
396
397
398
399
406
407
409
412
416
417
418
422
428
429
431
432
433
434
436
438
440
441
444
448
450
451
452
463
466
468
476
478
479
489
503
508
515
524
537
546
547
548
560
561
563
564
565
577
579
582
583
586
589
591
595
601
602
603
605
614
625
628
629
634
635
637
638
639
641
645
648
649
651
653
655
656
657
659
660
667
669
671
673
677
678
679
681
682
684
685
689
692
700
701
705
712
713
727
730
732
745
748
755
759
760
764
765
767
768
770
771
772
777
778
782
784
791
794
795
797
800
801
806
815
817
821
826
835
837
844
847
849
854
857
861
862
865
870
873
896
904
915
922
924
925
927
932
933
941
942
944
946
950
951
962
963
967
970
971
975
978
979
981
986
994
995
998
1000
1002
1003
1012
1017
1018
1020
1027
1028
1030
1036
1041
1043
1045
1048
1052
1053
1054
1056
1057
1058
1062
1063
1066
1069
1076
1087
1089
1090
1094
1097
1115
1121
1132
1137
1152
1153
1155
1156
1157
1158
1159
1160
1161
1164
1165
1169
1170
1171
1173
1174
1175
1176
1177
1179
1180
1181
1182
1183
1184
1187
1188
1190
1191
1193
1195
1199
1200
1209
1212
1217
1218
1228
1231
1235
1238
1240
1241
1243
1245
1250
1254
1266
1279
1280
1282
1285
1290
1295
1301
1310
1318
1322
1342
1361
1370
1371
1374
1376
1377
1380
1382
1383
1385
1386
1387
1388
1389
1401
1402
1404
1407
1408
1409
1411
1415
1417
1422
1425
1443
1444
1445
1446
1447
1448
1449
1450
1456
1457
1459
1462
1478
1480
1491
1493
1494
1495
1499
1500
1506
1508
1509
1513
1517
1520
1525
1531
1534
1535
1536
1537
1538
1540
1541
1542
1543
1544
1545
1546
1548
1549
1550
1551
1552
1553
1554
1555
1557
1558
1559
1560
1561
1562
1564
1565
1566
1567
1568
1569
1570
1571
1573
1574
1575
1576
1577
1578
1579
1580
1582
1583
1584
1585
1586
1587
1588
1589
1591
1593
1594
1595
1596
1597
1598
1599
1600
1601
1602
1603
1604
1605
1606
1612
1617
1618
1619
1620
1621
1622
1624
1625
1627
1630
1631
1632
1634
1635
1636
1637
1639
1641
1642
1645
1646
1647
1653
1654
1656
1657
1658
1665
1667
1668
1669
1674
1675
1678
1682
1683
1686
1690
1697
1698
1700
1701
1703
1704
1705
1706
1707
1712
1713
1722
1727
1733
1735
1737
1739
1744
1746
1748
1783
1791
1796
1797
1801
1802
1807
1810
1812
1813
1814
1816
1819
1820
1821
1828
1830
1831
1833
1834
1835
1836
1838
1842
1843
1845
1848
1849
1850
1851
1852
1858
1859
1860
1861
1863
1865
1866
1867
1872
1876
1882
1883
1885
1887
1888
1890
1891
1895
1901
1903
1904
1905
1906
1912
1913
1914
1915
1916
1917
1918
1919
1922
1923
1924
1927
1933
1936
1937
1941
1942
1952
1953
1954
1955
1957
1958
1960
1962
1964
1965
1966
1967
1969
1970
1971
1972
1973
1975
1976
1977
1979
1980
1981
1984
1988
1989
1990
1991
1992
1994
1998
2000
2001
2002
2003
2004
2005
2006
2010
2011
2012
2014
2018
2029
2031
2034
2035
2036
2038
2039
2040
2041
2045
2047
2048
2055
2058
2062
2064
2065
2068
2070
2071
2072
2073
2075
2080
2084
2086
2089
2090
2091
2092
2093
2094
2095
2096
2100
2101
2111
2114
2115
2116
2121
2125
2129
2131
2133
2136
2140
2141
2149
2150
2158
2161
2166
2168
2176
2181
2194
2196
2198
2200
2201
2202
2203
2212
2219
2224
2226
2227
2230
2233
2236
2238
2239
2240
2241
2242
2246
2248
2249
2251
2253
2259
2260
2261
2262
2264
2265
2266
2268
2270
2271
2272
2273
2274
2275
2277
2278
2281
2282
2283
2284
2287
2288
2290
2291
2292
2293
2294
2296
2299
2300
2301
2302
2303
2305
2306
2309
2315
2316
2318
2319
2320
2321
2322
2323
2324
2325
2326
2327
2329
2330
2332
2333
2334
2335
2336
2338
2339
2340
2341
2342
2343
2344
2346
2347
2348
2349
2350
2351
2352
2354
2355
2356
2357
2359
2361
2362
2363
2365
2366
2369
2370
2371
2372
2373
2375
2376
2377
2378
2380
2381
2383
2385
2386
2387
2390
2391
2392
2393
2394
2397
2399
2401
2402
2405
2406
2407
2411
2412
2421
2422
2427
2429
2431
2433
2439
2442
2443
2445
2447
2449
2450
2453
2460
2462
2465
2466
2467
2470
2475
2480
2481
2484
2486
2488
2491
2492
2504
2510
2514
2517
2521
2531
2532
2533
2534
2535
2536
2539
2540
2542
2544
2545
2546
2549
2551
2552
2553
2555
2556
2557
2558
2560
2562
2563
2564
2565
2566
2568
2569
2570
2571
2572
2573
2574
2576
2579
2580
2581
2584
2586
2587
2593
2594
2598
2601
2603
2604
2605
2606
2612
2616
2618
2630
2632
2633
2634
2635
2637
2638
2639
2640
2641
2643
2645
2646
2648
2652
2656
2658
2670
2671
2673
2675
2679
2680
2687
2688
2689
2691
2692
2697
2699
2700
2707
2728
2731
2733
2738
2744
2745
2747
2750
2751
2755
2764
2766
2776
2777
2778
2781
2788
2794
2795
2797
2800
2801
2802
2803
2804
2806
2807
2808
2809
2810
2814
2818
2819
2826
2829
2832
2835
2836
2837
2838
2840
2841
2844
2846
2848
2849
2852
2855
2857
2859
2860
2861
2862
2869
2872
2875
2878
2882
2886
2887
2894
2895
2896
2897
2898
2899
2900
2901
2904
2906
2907
2909
2910
2911
2913
2914
2915
2918
2922
2923
2925
2927
2929
2931
2933
2936
2940
2941
2943
2945
2947
2949
2950
2953
2955
2958
2959
2961
2962
2963
2964
2965
2967
2969
2971
2972
2973
2974
2975
2976
2980
2981
2982
2983
2985
2987
2988
2989
2990
2995
2999
3003
3009
3012
3013
3015
3016
3021
3025
3031
3035
3036
3038
3039
3040
3044
3047
3048
3060
3061
3062
3074
3076
3077
3081
3092
3096
3102
3109
3129
3131
3144
3147
3148
3151
3152
3154
3156
3157
3159
3162
3163
3164
3166
3167
3169
3170
3171
3172
3173
3176
3180
3182
3183
3185
3186
3187
3190
3191
3193
3199
3200
3203
3204
3206
3207
3209
3213
3215
3218
3220
3221
3224
3226
3234
3236
3237
3250
3251
3252
3253
3254
3255
3261
3267
3269
3271
3272
3273
3277
3279
3280
3281
3282
3283
3284
3285
3286
3287
3290
3291
3292
3295
3297
3298
3299
3301
3302
3303
3304
3305
3308
3309
3310
3311
3312
3316
3317
3320
3323
3325
3327
3329
3330
3334
3337
3340
3346
3348
3354
3356
3358
3359
3361
3362
3363
3364
3366
3369
3377
3384
3385
3386
3388
3389
3392
3394
3395
3397
3401
3402
3405
3411
3413
3414
3415
3416
3417
3418
3419
3421
3422
3425
3426
3428
3430
3431
3432
3434
3435
3437
3439
3440
3442
3443
3444
3447
3448
3451
3452
3455
3456
3457
3461
3462
3464
3465
3466
3467
3469
3470
3471
3474
3476
3477
3478
3479
3484
3486
3490
3494
3497
3498
3501
3516
3520
3525
3526
3537
3546
3548
3561
3563
3571
3597
3598
3599
3600
3601
3605
3608
3611
3612
3615
3616
3617
3618
3622
3626
3627
3629
3630
3632
3633
3635
3636
3637
3638
3639
3640
3641
3642
3643
3646
3650
3652
3654
3658
3659
3668
3675
3676
3680
3682
3683
3684
3685
3690
3692
3694
3702
3708
3714
3719
3729
3730
3731
3735
3736
3739
3741
3743
3745
3746
3756
3759
3797
3798
3799
3800
3801
3802
3804
3806
3807
3813
3817
3819
3820
3824
3833
3837
3840
3841
3842
3844
3845
3847
3848
3850
3851
3852
3855
3857
3859
3861
3862
3863
3864
3865
3866
3867
3868
3869
3870
3871
3873
3874
3875
3876
3877
3878
3879
3880
3881
3882
3883
3884
3886
3888
3889
3890
3891
3892
3893
3895
3896
3897
3898
3899
3901
3903
3904
3905
3906
3907
3908
3912
3914
3915
3916
3917
3919
3921
3922
3923
3925
3927
3928
3929
3930
3931
3932
3933
3934
3935
3938
3939
3942
3944
3945
3946
3947
3948
3949
3954
3956
3957
3958
3959
3960
3961
3962
3966
3968
3970
3972
3973
3974
3975
3978
3982
3983
3984
3985
3986
3987
3988
3990
3991
3992
3993
3994
3996
3997
3998
4001
4002
4008
4009
4010
4012
4013
4020
4021
4023
4024
4025
4027
4030
4031
4032
4033
4034
4035
4037
4038
4039
4040
4042
4046
4047
4048
4049
4050
4052
4053
4054
4055
4056
4058
4059
4060
4064
4065
4066
4068
4069
4070
4073
4075
4076
4083
4084
4085
4087
4088
4090
4091
4094
4100
4103
4107
4109
4111
4112
4113
4114
4115
4117
4118
4119
4121
4122
4124
4125
4126
4127
4129
4130
4131
4134
4136
4137
4138
4142
4144
4146
4147
4149
4154
4158
4159
4160
4162
4164
4171
4173
4175
4176
4177
4178
4180
4182
4183
4184
4185
4186
4190
4193
4197
4198
4201
4202
4206
4208
4211
4216
4219
4220
4224
4228
4232
4233
4234
4236
4237
4238
4240
4241
4242
4249
4250
4251
4252
4255
4256
4261
4262
4263
4264
4266
4267
4269
4272
4274
4275
4279
4280
4282
4283
4284
4285
4286
4292
4295
4296
4300
4302
4304
4309
4316
4318
4319
4320
4321
4322
4324
4325
4327
4330
4331
4335
4339
4341
4343
4344
4348
4351
4356
4360
4361
4363
4367
4370
4373
4374
4375
4376
4379
4381
4383
4393
4400
4401
4404
4407
4408
4410
4412
4413
4417
4422
4425
4427
4428
4429
4432
4443
4449
4471
4475
4478
4480
4483
4486
4497
4498
4505
4512
4514
4517
4525
4536
4540
4550
4551
4562
4569
4575
4577
4578
4588
4590
4593
4594
4600
4602
4604
4605
4606
4609
4614
4620
4625
4628
4629
4630
4631
4632
4634
4636
4642
4644
4645
4650
4651
4653
4654
4655
4670
4672
4676
4677
4678
4680
4681
4687
4697
4698
4699
4701
4702
4703
4704
4705
4706
4707
4708
4709
4710
4713
4714
4715
4716
4717
4718
4719
4720
4721
4722
4723
4724
4725
4727
4728
4731
4732
4733
4735
4737
4739
4742
4745
4754
4760
4761
4762
4763
4764
4765
4766
4767
4768
4769
4770
4771
4772
4774
4778
4780
4781
4782
4783
4785
4786
4788
4789
4791
4794
4796
4797
4807
4808
4811
4814
4815
4823
4824
4825
4827
4829
4833
4834
4846
4847
4848
4849
4851
4857
4858
4859
4863
4866
4870
4955
4956
4957
4958
4961
4962
4963
4964
4965
4966
4968
4971
4977
4978
4979
4980
4981
4983
4984
4986
4988
4989
4991
4992
4994
4995
4999
5000
5003
5004
5006
5008
5009
5010
5011
5013
5015
5017
5018
5019
5022
5023
5024
5025
5027
5028
5030
5032
5033
5035
5036
5037
5038
5039
5041
5042
5043
5044
5047
5049
5050
5051
5054
5057
5058
5059
5060
5061
5064
5065
5068
5069
5072
5074
5075
5080
5082
5083
5085
5086
5087
5089
5090
5095
5097
5099
5101
5104
5106
5108
5109
5112
5113
5116
5117
5118
5119
5125
5128
5129
5131
5133
5134
5135
5136
5138
5143
5145
5146
5148
5149
5152
5153
5159
5164
5165
5167
5168
5169
5170
5171
5172
5176
5179
5183
5185
5186
5187
5190
5191
5192
5193
5200
5201
5202
5204
5205
5207
5209
5210
5211
5221
5224
5226
5228
5229
5231
5233
5235
5236
5238
5239
5240
5242
5243
5249
5251
5252
5254
5255
5257
5258
5260
5265
5266
5267
5268
5271
5272
5273
5279
5280
5282
5285
5287
5289
5293
5294
5298
5305
5311
5312
5314
5320
5321
5322
5323
5324
5325
5326
5330
5331
5333
5335
5338
5342
5343
5345
5349
5352
5353
5354
5357
5364
5365
5366
5367
5370
5371
5373
5375
5376
5377
5378
5379
5382
5383
5386
5389
5390
5391
5392
5393
5394
5395
5396
5397
5398
5405
5408
5410
5413
5415
5416
5417
5418
5420
5422
5423
5426
5427
5429
5432
5433
5440
5442
5443
5445
5448
5452
5459
5460
5462
5463
5465
5468
5472
5479
5486
5487
5491
5492
5493
5495
5497
5498
5503
5504
5505
5506
5508
5514
5521
5527
5529
5533
5534
5536
5538
5546
5548
5549
5554
5556
5566
5574
5575
5576
5577
5578
5579
5581
5583
5584
5585
5586
5587
5588
5589
5590
5592
5594
5595
5596
5598
5599
5601
5603
5605
5609
5610
5611
5613
5614
5615
5616
5619
5621
5623
5625
5627
5632
5635
5636
5639
5641
5643
5644
5649
5651
5652
5653
5657
5658
5659
5661
5666
5668
5676
5678
5684
5973
5975
5978
5979
5980
5984
5986
5987
5990
5991
6006
6010
6013
6015
6026
6027
6028
6034
6035
6040
6042
6048
6052
6056
6057
6059
6075
6076
6077
6078
6079
6080
6082
6085
6095
6096
6101
6103
6105
6112
6114
6115
6117
6118
6119
6122
6126
6127
6131
6132
6133
6134
6135
6136
6137
6138
6139
6140
6142
6143
6144
6145
6149
6151
6152
6153
6154
6155
6160
6163
6164
6169
6171
6174
6179
6180
6181
6191
6192
6197
6207
6209
6210
6211
6221
6224
6227
6238
6239
6241
6242
6248
6256
6257
6258
6260
6285
6286
6288
6289
6300
6301
6306
6309
6310
6311
6312
6314
6316
6319
6322
6323
6329
6334
6335
6336
6340
6346
6349
6353
6358
6359
6361
6369
6370
6383
6385
6386
6387
6388
6392
6397
6398
6399
6400
6403
6405
6406
6407
6410
6412
6415
6417
6419
6421
6423
6424
6434
6436
6438
6446
6448
6455
6457
6472
6475
6492
6503
6504
6508
6518
6520
6526
6529
6532
6536
6537
6538
6539
6540
6541
6542
6543
6544
6545
6547
6548
6550
6552
6554
6556
6557
6558
6559
6560
6562
6565
6566
6567
6568
6574
6575
6577
6584
6585
6586
6587
6590
6601
6603
6604
6609
6611
6612
6613
6621
6622
6623
6625
6627
6628
6632
6633
6638
6639
6641
6645
6651
6653
6657
6658
6660
6661
6668
6669
6670
6671
6672
6676
6679
6685
6686
6701
6703
6704
6706
6708
6709
6710
6711
6712
6713
6717
6718
6742
6744
6745
6746
6750
6754
6757
6758
6759
6761
6762
6763
6770
6771
6773
6774
6775
6776
6777
6778
6779
6782
6783
6788
6789
6792
6795
6796
6799
6801
6802
6803
6804
6805
6807
6808
6809
6812
6813
6814
6815
6816
6817
6821
6822
6823
6825
6827
6833
6835
6849
6850
6851
6852
6854
6860
6867
6871
6875
6879
6882
6885
6886
6887
6891
6893
6895
6896
6897
6898
6899
6904
6909
6910
6913
6915
6918
6937
6938
6951
6957
6958
6962
6963
6969
6970
6980
6984
6986
6988
6990
6991
6992
6993
7028
7032
7034
7042
7045
7047
7051
7067
7068
7075
7076
7084
7090
7093
7094
7096
7098
7100
7102
7103
7104
7105
7106
7120
7122
7123
7130
7133
7137
7140
7142
7156
7157
7159
7163
7164
7167
7168
7170
7173
7174
7176
7177
7178
7180
7183
7184
7185
7191
7195
7203
7205
7207
7216
7218
7219
7222
7224
7225
7227
7230
7231
7232
7236
7239
7252
7256
7257
7258
7259
7263
7264
7265
7266
7269
7270
7272
7273
7275
7281
7282
7285
7286
7288
7289
7293
7308
7316
7317
7318
7319
7324
7327
7329
7330
7331
7332
7333
7334
7336
7337
7345
7349
7351
7352
7353
7354
7357
7358
7364
7388
7390
7392
7396
7400
7401
7402
7404
7406
7410
7412
7413
7414
7416
7417
7426
7427
7428
7429
7430
7432
7435
7436
7439
7456
7460
7462
7464
7498
7499
7500
7501
7502
7503
7508
7515
7521
7528
7529
7535
7544
7558
7560
7561
7564
7569
7572
7581
7586
7591
7592
7595
7597
7601
7603
7608
7621
7625
7627
7628
7629
7631
7633
7634
7635
7649
7650
7653
7655
7658
7659
7660
7661
7663
7665
7666
7667
7669
7670
7960
7961
7963
7970
7973
7974
7975
7976
7977
7978
7979
7981
7982
7991
7992
7993
7994
7995
7996
7997
7998
8000
8001
8009
8011
8019
8021
8030
8031
8032
8054
8058
8059
8061
8062
8063
8065
8066
8067
8069
8070
8071
8072
8074
8075
8079
8080
8081
8085
8095
8097
8101
8105
8106
8107
8111
8148
8149
8153
8157
8159
8160
8173
8182
8185
8188
8214
8218
8221
8247
8254
8256
8257
8261
8262
8266
8271
8304
8305
8306
8307
8308
8309
8310
8311
8313
8314
8316
8320
8321
8328
8329
8330
8331
8332
8334
8335
8336
8337
8338
8339
8341
8343
8344
8347
8349
8350
8370
8376
8379
8381
8383
8384
8385
8513
8522
8524
8525
8530
8532
8535
8536
8537
8538
8539
8540
8542
8548
8558
8559
8562
8563
8565
8566
8567
8569
8570
8572
8586
8591
8616
8617
8623
8627
8628
8629
8631
8632
8633
8634
8636
8637
8638
8639
8640
8641
8642
8643
8644
8645
8646
8648
8649
8651
8652
8653
8656
8658
8663
8665
8667
8668
8671
8672
8673
8675
8679
8680
8682
8686
8687
8688
8698
8702
8706
8708
8710
8711
8728
8729
8731
8732
8733
8737
8744
9060
9061
9063
9064
9071
9072
9074
9078
9082
9090
9091
9092
9093
9094
9095
9123
9139
9141
9157
9158
9159
9160
9161
9162
9163
9164
9166
9167
9168
9170
9171
9172
9173
9174
9177
9178
9179
9180
9181
9182
9183
9184
9185
9186
9187
9188
9189
9190
9191
9192
9193
9194
9196
9197
9198
9199
9200
9201
9202
9203
9204
9205
9206
9207
9208
9209
9210
9211
9212
9213
9214
9215
9218
9219
9221
9225
9226
9227
9228
9229
9230
9231
9232
9233
9234
9236
9237
9238
9240
9241
9242
9246
9247
9248
9249
9250
9251
9252
9255
9257
9258
9259
9262
9264
9271
9275
9276
9278
9281
9283
9289
9290
9292
9294
9298
9299
9300
9302
9314
9326
9327
9328
9329
9332
9335
9337
9346
9348
9349
9350
9408
9417
9418
9435
9436
9438
9439
9442
9444
9448
9450
9454
9456
9462
9464
9466
9469
9472
9473
9475
9476
9478
9480
9481
9485
9496
9498
9499
9500
9504
9505
9506
9513
9517
9521
9522
9549
9550
9551
9553
9562
9574
9577
9578
9579
9580
9581
9583
9585
9587
9588
9589
9591
9592
9593
9601
9604
9605
9607
9608
9609
9611
9612
9614
9615
9616
9617
9618
9619
9621
9622
9628
9629
9630
9632
9634
9636
9638
9641
9642
9646
9667
9668
9669
9671
9680
9682
9699
9702
9703
9718
9726
9728
9731
9732
9737
9743
9745
9750
9756
9758
9763
9769
9777
9778
9779
9780
9781
9782
9785
9787
9788
9792
9808
9810
9826
9828
9830
9832
9834
9837
9840
9848
9854
9857
9863
9864
9865
9866
9870
9872
9873
9875
9876
9877
9882
9883
9886
9887
9895
9897
9902
9906
9908
9915
9916
9919
9922
9924
9926
9927
9930
9933
9942
9943
9944
9946
9947
9948
9949
9950
9953
9954
9955
9956
9958
9960
9974
9975
9987
9991
9994
9996
9999
10005
10009
10025
10027
10028
10030
10033
10034
10035
10037
10038
10039
10051
10056
10057
10059
10060
10323
10325
10329
10331
10333
10334
10337
10339
10343
10346
10367
10374
10389
10390
10391
10392
10400
10401
10403
10405
10413
10414
10417
10430
10440
10442
10444
10445
10457
10465
10466
10467
10470
10471
10472
10474
10477
10482
10486
10492
10498
10500
10501
10510
10512
10516
10517
10519
10521
10524
10525
10526
10527
10528
10530
10546
10570
10571
10572
10573
10575
10579
10580
10581
10582
10586
10587
10589
10590
10594
10595
10597
10612
10613
10617
10622
10624
10626
10627
10631
10644
10651
10657
10658
10659
10663
10669
10673
10675
10677
10678
10679
10681
10684
10688
10690
10694
10701
10710
10714
10715
10716
10718
10720
10721
10723
10725
10738
10739
10741
10742
10743
10748
10750
10751
10752
10753
10754
10759
10760
10761
10762
10763
10765
10766
10768
10771
10774
10776
10777
10778
10781
10785
10787
10790
10798
10801
10805
10806
10807
10809
10816
10829
10831
10833
10834
10840
10847
10848
10850
10851
10855
10856
10858
10860
10863
10864
10873
10874
10878
10881
10883
10885
10886
10898
10901
10902
10904
10905
10910
10914
10915
10917
10918
10920
10921
10922
10926
10930
10934
10936
10937
10944
10945
10949
10956
10957
10962
10964
10968
10971
10972
10973
10979
10981
10982
10983
10984
10985
10991
10994
10996
10997
10999
11001
11003
11005
11006
11007
11011
11013
11015
11016
11019
11020
11025
11029
11031
11035
11039
11045
11049
11052
11057
11071
11074
11076
11079
11080
11081
11082
11083
11084
11085
11086
11090
11091
11100
11103
11122
11123
11129
11130
11131
11132
11133
11134
11135
11136
11140
11141
11145
11147
11154
11155
11157
11172
11173
11174
11177
11178
11180
11182
11183
11184
11185
11186
11187
11190
11192
11199
11200
11204
11209
11211
11214
11223
11226
11229
11240
11243
11245
11248
11249
11250
11251
11255
11263
11264
11265
11266
11270
11271
11273
11274
11275
11288
11290
11339
11341
11344
11345
11346
11347
11348
11349
11359
11360
11361
11366
11369
11382
11385
11388
11389
11390
11391
11394
11396
11400
11406
11408
11409
11410
11414
11418
11419
11422
11423
11431
11432
11435
11443
11446
11447
11454
11455
11456
11459
11460
11462
11467
11468
11469
11484
11496
11498
11506
11507
11508
11509
11511
11512
11516
11518
11520
11521
11529
11531
11532
11533
11535
11544
11546
11548
11549
11550
11552
11555
11557
11561
11564
11567
11570
11573
11574
11575
11582
11588
11589
11596
11598
11599
11602
11603
11605
11610
11613
11614
11615
11617
11628
11630
11635
11640
11644
11649
11651
11652
11653
11654
11655
11658
11662
11663
11664
11665
11667
11696
11697
11698
11709
11716
11722
11735
11741
11747
11749
11757
11759
11762
11766
11768
11783
11786
11790
11792
11794
11795
11796
11798
11800
11802
11807
11815
11820
11822
11823
11828
11832
11833
11835
11845
11846
11854
11857
11864
11865
11887
11889
11891
11892
11893
11904
11905
11907
11908
11912
11915
11926
11927
11928
11929
11930
11933
11939
11943
11944
11950
11952
11956
11957
11959
11960
11962
11964
11965
11968
11970
11976
11977
11979
11982
11990
11997
11999
12001
12002
12006
12008
12010
12019
12020
12028
12040
12042
12043
12046
12057
12083
12085
12093
12094
12095
12103
12104
12109
12113
12114
12122
12128
12129
12130
12133
12134
12140
12142
12143
12144
12146
12147
12159
12160
12162
12166
12171
12183
12230
12231
12232
12233
12237
12239
12241
12243
12245
12252
12254
12256
12267
12268
12269
12270
12273
12274
12275
12286
12287
12293
12294
12296
12297
12300
12306
12308
12309
12316
12317
12318
12320
12321
12324
12325
12327
12331
12335
12336
12337
12338
12339
12340
12342
12350
12363
12364
12373
12377
12378
12381
12389
12393
12396
12399
12401
12405
12410
12413
12415
12416
12417
12419
12425
12427
12428
12430
12434
12441
12443
12444
12445
12449
12450
12457
12458
12462
12463
12465
12466
12467
12468
12479
12483
12508
12509
12510
12516
12622
12626
12631
12638
12642
12644
12646
12647
12648
12649
12651
12655
12658
12659
12662
12665
12672
12675
12676
12677
12681
12682
12685
12686
12690
12693
12695
12698
12700
12704
12710
12736
12740
12742
12745
12748
12770
12773
12774
12775
12776
12780
12782
12788
12791
12793
12801
12804
12811
12817
12822
12823
12855
12924
12935
12942
12943
12944
12950
12951
12958
12959
12962
12963
12981
12984
12986
12987
12994
12999
13004
13011
13012
13014
13025
13037
13039
13044
13045
13046
13047
13048
13049
13051
13055
13058
13069
13071
13073
13074
13077
13078
13079
13081
13083
13085
13090
13094
13095
13096
13098
13100
13103
13106
13116
13117
13121
13123
13127
13129
13142
13144
13145
13146
13148
13152
13160
13163
13164
13165
13168
13170
13175
13177
13178
13179
13181
13183
13184
13187
13188
13190
13192
13196
13201
13202
13203
13206
13219
13220
13224
13225
13228
13229
13230
13232
13234
13235
13238
13239
13240
13241
13246
13249
13253
13256
13258
13259
13264
13267
13271
13277
13278
13290
13291
13292
13294
13296
13297
13298
13305
13308
13310
13311
13312
13316
13337
13338
13340
13341
13342
13343
13345
13346
13348
13351
13362
13363
13364
13369
13371
13372
13378
13379
13382
13384
13386
13387
13388
13389
13393
13394
13395
13397
13401
13410
13412
13413
13414
13416
13433
13450
13456
13457
13464
13466
13467
13470
13482
13483
13485
13488
13489
13492
13498
13508
13510
13514
13523
13529
13532
13533
13535
13536
13538
13541
13544
13547
13548
13549
13550
13551
13552
13553
13554
13556
13559
13561
13562
13564
13566
13568
13570
13578
13580
13581
13583
13585
13586
13587
13588
13589
13590
13591
13592
13593
13594
13595
13597
13599
13600
13601
13604
13606
13611
13613
13615
13619
13620
13621
13627
13628
13630
13632
13633
13634
13635
13636
13637
13639
13643
13644
13645
13646
13648
13649
13650
13652
13654
13655
13656
13657
13660
13661
13662
13663
13664
13666
13667
13668
13669
13670
13671
13672
13673
13675
13676
13681
13684
13685
13686
13687
13689
13693
13694
13704
13707
13709
13710
13713
13714
13721
13724
13735
13740
