4
8
9
11
12
16
17
22
31
32
39
40
42
43
44
45
50
52
56
58
67
68
74
75
80
81
82
93
95
104
106
108
110
119
120
122
127
130
132
134
143
146
154
156
160
161
163
164
165
166
171
172
177
180
197
198
199
203
206
207
208
209
210
213
214
215
216
221
228
236
239
246
250
252
257
264
266
284
286
295
333
335
341
347
352
353
354
356
360
361
363
364
365
367
370
371
373
375
380
385
387
388
389
392
397
406
418
419
420
422
428
429
431
432
434
435
436
438
440
441
442
444
448
450
452
460
463
467
468
473
478
479
484
489
496
499
503
508
513
515
516
520
522
523
524
525
531
533
535
545
548
551
559
577
578
585
586
589
591
593
595
601
602
605
609
610
614
615
620
628
632
635
638
642
645
646
653
660
664
665
675
680
681
682
689
695
696
698
701
704
705
707
708
709
714
715
716
718
720
723
727
730
732
733
735
741
743
745
748
753
755
757
759
761
764
768
769
771
772
773
775
777
778
779
782
784
785
787
789
791
793
794
800
801
802
806
813
815
816
817
821
822
823
826
827
829
831
832
835
836
841
842
844
845
849
854
857
862
864
865
866
870
872
873
879
880
884
889
892
898
899
908
911
915
917
919
920
922
928
929
932
935
942
946
950
952
963
964
967
969
970
971
979
980
981
982
983
985
986
987
989
990
995
998
999
1004
1017
1018
1024
1028
1030
1032
1041
1043
1045
1059
1060
1088
1090
1091
1113
1121
1143
1145
1152
1155
1157
1158
1159
1160
1161
1163
1165
1169
1170
1171
1173
1174
1178
1180
1181
1183
1184
1186
1187
1188
1189
1190
1191
1192
1193
1195
1198
1200
1201
1216
1218
1228
1238
1241
1246
1251
1266
1280
1289
1290
1295
1302
1308
1310
1314
1318
1330
1342
1361
1371
1375
1376
1378
1382
1383
1385
1386
1387
1388
1389
1391
1393
1395
1399
1400
1403
1404
1407
1408
1409
1411
1416
1421
1424
1425
1442
1443
1445
1446
1449
1450
1452
1461
1462
1478
1480
1482
1486
1487
1489
1492
1493
1495
1496
1499
1502
1506
1509
1510
1513
1517
1525
1528
1531
1534
1538
1539
1540
1541
1542
1545
1546
1547
1548
1549
1551
1552
1553
1554
1555
1561
1562
1563
1564
1565
1568
1569
1570
1572
1574
1576
1577
1580
1582
1584
1585
1587
1588
1589
1591
1592
1593
1595
1596
1597
1599
1600
1601
1603
1606
1608
1609
1610
1611
1612
1614
1617
1618
1619
1621
1622
1624
1625
1627
1629
1630
1631
1632
1636
1637
1639
1641
1642
1644
1646
1647
1649
1650
1651
1653
1655
1656
1657
1658
1661
1662
1664
1665
1667
1668
1669
1673
1674
1675
1676
1677
1682
1683
1684
1686
1688
1689
1690
1691
1692
1694
1695
1696
1697
1698
1699
1700
1703
1705
1706
1707
1710
1714
1716
1727
1736
1739
1740
1744
1748
1751
1753
1754
1759
1791
1793
1794
1795
1799
1802
1811
1812
1814
1816
1820
1823
1826
1828
1831
1833
1834
1836
1838
1848
1849
1850
1852
1854
1857
1858
1860
1861
1863
1864
1865
1866
1867
1868
1871
1878
1881
1883
1884
1885
1887
1891
1894
1901
1906
1908
1910
1912
1913
1918
1919
1921
1922
1923
1924
1927
1936
1937
1939
1941
1950
1952
1954
1955
1959
1962
1964
1970
1971
1976
1977
1978
1980
1991
1992
1994
1998
2005
2006
2011
2014
2018
2019
2020
2023
2029
2035
2036
2038
2039
2040
2041
2045
2048
2053
2055
2064
2065
2068
2072
2073
2075
2080
2081
2089
2090
2091
2094
2095
2096
2100
2111
2112
2113
2116
2120
2122
2123
2124
2125
2129
2133
2135
2138
2140
2143
2149
2153
2158
2163
2168
2172
2174
2181
2185
2189
2193
2196
2198
2200
2203
2205
2208
2211
2216
2218
2219
2220
2222
2224
2226
2227
2228
2230
2233
2236
2238
2239
2240
2242
2246
2248
2249
2251
2253
2254
2259
2260
2261
2262
2263
2264
2265
2266
2267
2268
2270
2271
2272
2273
2274
2275
2276
2277
2278
2279
2281
2283
2284
2287
2291
2292
2296
2299
2300
2316
2318
2320
2321
2322
2323
2324
2325
2326
2329
2330
2333
2334
2336
2339
2340
2341
2342
2343
2344
2346
2348
2349
2351
2352
2353
2354
2356
2359
2361
2362
2365
2367
2368
2369
2370
2371
2372
2376
2377
2380
2381
2383
2385
2386
2388
2390
2393
2394
2398
2399
2400
2401
2402
2403
2405
2406
2407
2411
2412
2413
2415
2417
2419
2420
2421
2425
2427
2428
2429
2430
2431
2432
2436
2438
2439
2442
2443
2444
2446
2447
2449
2450
2452
2453
2455
2456
2460
2462
2464
2465
2466
2467
2468
2469
2474
2480
2483
2487
2488
2497
2505
2513
2514
2515
2521
2535
2537
2538
2540
2541
2543
2544
2546
2547
2548
2550
2551
2559
2560
2563
2565
2568
2569
2570
2572
2573
2574
2579
2581
2582
2584
2585
2586
2590
2592
2594
2598
2602
2603
2604
2605
2608
2609
2611
2612
2616
2617
2618
2620
2623
2624
2625
2626
2630
2633
2637
2639
2641
2643
2645
2647
2651
2653
2654
2658
2659
2662
2664
2666
2672
2673
2674
2677
2678
2682
2697
2700
2707
2710
2713
2716
2719
2721
2728
2731
2732
2734
2735
2746
2747
2750
2751
2752
2758
2763
2765
2766
2780
2782
2785
2788
2791
2792
2794
2795
2797
2800
2801
2802
2803
2804
2807
2808
2810
2814
2816
2821
2822
2825
2828
2830
2835
2841
2843
2844
2847
2851
2854
2855
2861
2862
2863
2867
2869
2873
2874
2875
2880
2882
2883
2888
2889
2890
2892
2893
2895
2896
2897
2901
2904
2905
2913
2918
2922
2923
2925
2926
2927
2928
2929
2930
2931
2932
2934
2935
2936
2940
2941
2945
2947
2948
2951
2954
2956
2958
2960
2963
2967
2969
2971
2973
2974
2975
2980
2981
2983
2986
2989
2990
2991
2994
2996
2997
2999
3002
3003
3004
3005
3008
3009
3013
3014
3016
3018
3021
3030
3031
3032
3035
3036
3038
3040
3041
3044
3047
3048
3062
3068
3075
3079
3088
3095
3096
3106
3108
3115
3129
3140
3144
3147
3148
3151
3152
3154
3163
3164
3167
3170
3172
3173
3175
3176
3178
3179
3180
3183
3186
3187
3188
3193
3196
3197
3201
3204
3205
3206
3207
3208
3209
3213
3214
3215
3217
3218
3219
3220
3224
3225
3226
3229
3231
3232
3233
3234
3236
3239
3244
3267
3269
3273
3274
3275
3276
3277
3278
3279
3280
3281
3282
3283
3284
3288
3290
3291
3292
3293
3294
3295
3297
3299
3301
3302
3303
3304
3305
3308
3309
3312
3316
3317
3320
3322
3323
3324
3325
3327
3329
3330
3331
3333
3334
3336
3337
3339
3340
3341
3342
3344
3345
3351
3353
3354
3356
3359
3360
3361
3362
3363
3364
3366
3372
3373
3382
3385
3386
3387
3388
3390
3392
3394
3395
3401
3403
3409
3410
3411
3412
3414
3415
3416
3418
3419
3421
3429
3431
3432
3433
3434
3436
3437
3439
3440
3443
3444
3447
3448
3449
3450
3451
3455
3456
3457
3458
3459
3460
3464
3466
3467
3468
3469
3470
3472
3474
3476
3477
3478
3479
3480
3486
3491
3492
3496
3499
3500
3506
3511
3513
3515
3522
3523
3526
3533
3534
3537
3539
3541
3545
3550
3555
3560
3566
3567
3568
3574
3576
3584
3585
3587
3596
3600
3614
3617
3620
3622
3624
3625
3628
3629
3633
3634
3635
3636
3638
3641
3643
3645
3646
3652
3662
3665
3666
3668
3670
3673
3675
3677
3680
3682
3683
3684
3685
3689
3690
3691
3692
3694
3699
3700
3703
3704
3708
3709
3710
3713
3720
3721
3723
3747
3752
3754
3758
3767
3774
3776
3778
3782
3789
3794
3796
3797
3798
3802
3803
3804
3805
3806
3807
3809
3814
3820
3825
3828
3830
3833
3839
3850
3851
3854
3855
3861
3862
3863
3865
3870
3873
3874
3875
3877
3878
3882
3883
3885
3886
3888
3891
3893
3895
3898
3902
3905
3906
3909
3913
3914
3915
3916
3917
3918
3919
3921
3922
3926
3927
3930
3938
3941
3942
3944
3947
3949
3950
3953
3954
3958
3959
3962
3965
3966
3968
3971
3972
3974
3978
3981
3982
3987
3988
3989
3992
3993
3995
3996
3997
3998
4009
4012
4013
4017
4019
4020
4021
4025
4027
4031
4032
4033
4035
4037
4038
4040
4042
4047
4048
4052
4054
4055
4057
4060
4063
4064
4065
4066
4067
4068
4069
4073
4075
4076
4077
4079
4083
4084
4088
4089
4090
4091
4094
4095
4099
4100
4101
4104
4105
4109
4110
4111
4113
4114
4115
4116
4117
4118
4122
4125
4130
4131
4135
4136
4137
4138
4142
4144
4146
4147
4148
4149
4152
4154
4157
4158
4159
4160
4163
4169
4170
4171
4174
4175
4176
4177
4178
4180
4184
4185
4186
4187
4189
4193
4194
4195
4198
4199
4200
4201
4205
4207
4208
4210
4211
4212
4216
4217
4219
4220
4222
4224
4225
4228
4231
4232
4233
4234
4236
4237
4238
4240
4242
4244
4247
4250
4251
4252
4253
4254
4258
4261
4262
4263
4264
4265
4266
4267
4271
4273
4274
4275
4276
4279
4280
4282
4283
4285
4286
4290
4292
4295
4299
4300
4302
4303
4305
4307
4309
4312
4314
4316
4318
4319
4320
4324
4325
4327
4330
4332
4334
4335
4339
4340
4341
4343
4344
4346
4348
4359
4360
4361
4367
4368
4370
4371
4373
4374
4375
4376
4379
4380
4381
4383
4387
4388
4389
4391
4393
4394
4397
4398
4399
4400
4402
4403
4404
4406
4407
4408
4409
4412
4413
4417
4421
4422
4425
4427
4429
4430
4432
4435
4438
4441
4443
4448
4449
4450
4452
4455
4458
4460
4471
4475
4476
4477
4480
4483
4484
4498
4505
4510
4511
4512
4513
4515
4518
4520
4526
4528
4531
4537
4541
4542
4545
4547
4548
4550
4551
4552
4554
4562
4568
4569
4574
4575
4577
4578
4579
4582
4583
4585
4586
4589
4590
4594
4596
4602
4603
4607
4610
4622
4625
4628
4629
4630
4631
4632
4633
4639
4642
4643
4645
4651
4652
4653
4654
4655
4658
4659
4661
4663
4670
4671
4672
4675
4676
4677
4679
4682
4683
4684
4697
4698
4699
4701
4702
4703
4704
4705
4706
4707
4708
4709
4710
4713
4714
4715
4716
4717
4718
4719
4721
4722
4723
4724
4725
4727
4728
4730
4731
4733
4734
4735
4741
4742
4745
4747
4760
4762
4765
4766
4767
4768
4769
4771
4772
4777
4778
4779
4783
4784
4785
4788
4789
4791
4794
4796
4798
4804
4808
4810
4811
4812
4814
4815
4823
4824
4825
4828
4834
4838
4846
4847
4848
4849
4852
4860
4861
4862
4864
4866
4870
4955
4956
4957
4962
4964
4965
4968
4969
4970
4971
4974
4975
4980
4984
4989
4991
4999
5000
5008
5011
5015
5023
5024
5025
5026
5029
5038
5039
5045
5048
5049
5051
5058
5060
5061
5062
5065
5068
5069
5070
5072
5074
5075
5079
5086
5090
5099
5105
5110
5113
5115
5116
5119
5124
5125
5128
5129
5131
5133
5134
5135
5136
5141
5143
5146
5149
5151
5152
5153
5158
5159
5164
5168
5169
5170
5171
5172
5178
5179
5183
5186
5189
5192
5193
5197
5198
5200
5201
5202
5204
5206
5209
5210
5211
5224
5225
5227
5228
5229
5230
5233
5235
5236
5239
5243
5244
5247
5249
5251
5253
5254
5260
5265
5266
5267
5268
5270
5271
5273
5274
5277
5280
5281
5282
5289
5292
5295
5297
5300
5303
5304
5305
5310
5325
5341
5352
5354
5356
5357
5363
5364
5365
5368
5369
5371
5373
5374
5377
5378
5381
5383
5384
5385
5387
5390
5391
5392
5393
5394
5395
5396
5398
5399
5401
5402
5403
5405
5406
5407
5413
5415
5418
5422
5423
5424
5425
5427
5428
5429
5432
5436
5440
5442
5443
5445
5446
5448
5452
5459
5462
5463
5465
5467
5468
5471
5474
5486
5487
5491
5493
5494
5496
5497
5501
5502
5504
5506
5507
5508
5509
5510
5512
5514
5527
5530
5533
5538
5543
5545
5547
5548
5557
5558
5559
5564
5565
5567
5572
5577
5578
5579
5581
5583
5584
5585
5586
5587
5589
5590
5592
5593
5594
5596
5599
5600
5605
5606
5607
5609
5610
5611
5612
5613
5614
5615
5616
5618
5621
5624
5625
5627
5631
5635
5636
5639
5641
5643
5644
5645
5651
5652
5653
5654
5656
5657
5661
5666
5668
5670
5672
5674
5677
5678
5679
5680
5683
5685
5686
5688
5974
5975
5976
5977
5980
5985
5993
5997
6003
6010
6013
6015
6018
6019
6029
6030
6031
6034
6035
6040
6043
6048
6052
6057
6058
6061
6078
6082
6084
6085
6087
6088
6090
6092
6095
6096
6097
6098
6099
6100
6101
6103
6104
6105
6110
6111
6112
6113
6114
6115
6117
6120
6125
6127
6131
6132
6133
6134
6135
6136
6137
6138
6139
6140
6142
6143
6144
6145
6146
6150
6151
6152
6156
6157
6158
6159
6164
6167
6169
6179
6185
6187
6189
6191
6193
6195
6196
6197
6199
6200
6201
6202
6203
6204
6205
6206
6207
6209
6210
6212
6213
6214
6217
6221
6227
6238
6239
6250
6252
6253
6254
6256
6257
6259
6260
6285
6288
6300
6302
6304
6305
6306
6307
6309
6311
6312
6314
6316
6317
6319
6322
6323
6332
6335
6338
6348
6349
6354
6355
6356
6358
6359
6361
6362
6364
6366
6368
6373
6374
6383
6387
6389
6390
6391
6393
6395
6398
6401
6402
6404
6405
6408
6409
6410
6412
6416
6422
6424
6425
6431
6436
6437
6441
6445
6452
6455
6460
6462
6470
6475
6490
6491
6493
6504
6516
6519
6520
6523
6527
6530
6535
6536
6537
6538
6539
6540
6541
6542
6543
6544
6546
6548
6549
6550
6555
6556
6557
6558
6559
6561
6562
6565
6566
6567
6568
6574
6579
6582
6586
6588
6589
6590
6591
6599
6601
6603
6604
6608
6611
6618
6619
6620
6624
6625
6626
6627
6630
6634
6637
6641
6644
6646
6651
6659
6660
6661
6663
6666
6668
6669
6670
6673
6674
6679
6682
6688
6689
6690
6691
6692
6693
6701
6703
6704
6709
6717
6723
6731
6732
6736
6741
6743
6744
6746
6751
6757
6758
6759
6763
6764
6770
6771
6773
6774
6775
6776
6779
6781
6782
6783
6785
6791
6795
6796
6800
6801
6802
6806
6807
6808
6810
6811
6815
6816
6821
6823
6825
6827
6833
6835
6849
6850
6853
6854
6857
6860
6870
6871
6876
6881
6882
6885
6886
6887
6891
6894
6896
6898
6899
6902
6904
6909
6913
6915
6918
6924
6927
6940
6944
6946
6947
6953
6957
6958
6963
6970
6980
6984
6986
6989
6990
6991
6992
6993
7031
7032
7039
7040
7041
7047
7050
7051
7060
7061
7065
7068
7072
7075
7076
7080
7081
7089
7091
7092
7093
7095
7096
7099
7100
7104
7105
7106
7112
7113
7115
7117
7120
7122
7124
7133
7134
7136
7142
7156
7157
7159
7163
7164
7167
7170
7174
7180
7182
7187
7188
7190
7191
7193
7194
7195
7198
7201
7202
7203
7207
7213
7217
7218
7219
7221
7222
7224
7225
7227
7230
7231
7236
7237
7239
7243
7254
7256
7257
7258
7259
7265
7267
7269
7272
7275
7281
7282
7287
7296
7299
7303
7304
7308
7317
7318
7322
7325
7327
7338
7345
7350
7351
7354
7355
7357
7358
7360
7364
7388
7390
7393
7399
7400
7402
7404
7405
7407
7408
7411
7414
7416
7417
7433
7435
7437
7439
7442
7443
7446
7455
7456
7464
7465
7499
7508
7515
7520
7525
7528
7529
7532
7558
7560
7566
7567
7579
7581
7582
7584
7588
7591
7592
7599
7601
7603
7606
7616
7625
7627
7631
7632
7633
7634
7635
7637
7646
7650
7653
7655
7658
7660
7668
7669
7670
7672
7676
7677
7678
7682
7690
7960
7961
7963
7970
7973
7974
7975
7976
7977
7978
7979
7981
7982
7991
7992
7993
7994
7995
7996
7997
7998
7999
8002
8020
8022
8030
8031
8032
8050
8054
8058
8064
8068
8070
8073
8074
8075
8078
8079
8084
8087
8089
8092
8093
8094
8095
8098
8099
8100
8101
8105
8107
8109
8112
8148
8152
8154
8159
8160
8164
8167
8169
8174
8182
8218
8221
8247
8251
8255
8256
8258
8261
8264
8265
8268
8270
8271
8305
8306
8307
8308
8309
8310
8311
8313
8315
8316
8324
8326
8328
8329
8330
8331
8332
8334
8335
8337
8339
8341
8342
8343
8344
8345
8347
8349
8350
8365
8371
8375
8377
8382
8384
8517
8530
8532
8535
8536
8537
8538
8539
8540
8543
8550
8552
8553
8559
8560
8563
8564
8565
8566
8567
8569
8570
8572
8574
8584
8616
8617
8627
8628
8631
8632
8634
8635
8636
8637
8638
8639
8640
8641
8642
8643
8644
8645
8646
8647
8648
8649
8651
8652
8653
8654
8656
8658
8662
8664
8666
8667
8668
8671
8672
8673
8675
8685
8686
8687
8688
8698
8702
8709
8713
8720
8722
8728
8729
8732
8735
8736
8744
9061
9062
9063
9064
9065
9066
9071
9073
9074
9085
9090
9091
9092
9093
9094
9119
9121
9122
9123
9141
9152
9156
9157
9158
9159
9160
9161
9162
9163
9167
9168
9170
9171
9172
9173
9174
9176
9177
9178
9179
9180
9181
9182
9183
9184
9185
9186
9187
9188
9189
9190
9191
9192
9193
9194
9195
9196
9197
9198
9199
9200
9201
9202
9204
9205
9206
9207
9208
9209
9210
9211
9212
9213
9214
9215
9217
9218
9219
9221
9222
9225
9226
9227
9228
9229
9230
9231
9232
9233
9234
9235
9236
9237
9238
9239
9240
9241
9242
9244
9246
9247
9248
9249
9250
9251
9252
9258
9259
9260
9262
9264
9275
9276
9278
9281
9283
9288
9289
9290
9291
9292
9294
9298
9299
9300
9302
9317
9326
9327
9328
9332
9340
9341
9342
9343
9346
9347
9349
9409
9418
9423
9430
9435
9436
9439
9441
9442
9447
9449
9450
9455
9457
9462
9466
9470
9471
9472
9474
9475
9476
9480
9481
9486
9497
9500
9501
9503
9504
9510
9512
9513
9521
9526
9534
9536
9538
9544
9549
9550
9551
9553
9554
9560
9562
9565
9572
9577
9578
9579
9580
9581
9584
9585
9587
9588
9589
9592
9596
9600
9602
9604
9608
9612
9615
9617
9619
9620
9622
9638
9640
9641
9644
9648
9650
9652
9653
9656
9657
9660
9661
9668
9669
9672
9673
9682
9684
9686
9687
9692
9693
9697
9702
9703
9723
9726
9727
9729
9734
9735
9737
9741
9743
9744
9758
9763
9769
9777
9778
9779
9780
9781
9782
9784
9788
9790
9802
9815
9816
9819
9828
9830
9832
9834
9836
9839
9840
9843
9848
9854
9862
9863
9864
9865
9866
9868
9876
9882
9883
9886
9887
9895
9901
9905
9907
9908
9915
9919
9920
9922
9923
9925
9927
9937
9941
9943
9948
9950
9955
9957
9960
9964
9965
9966
9971
9972
9974
9975
9987
9993
9995
9997
10001
10002
10008
10009
10014
10018
10020
10027
10028
10030
10033
10036
10037
10038
10040
10055
10324
10329
10332
10342
10343
10344
10351
10367
10372
10374
10375
10389
10392
10393
10400
10403
10405
10406
10422
10426
10432
10442
10446
10447
10459
10465
10467
10468
10471
10472
10474
10477
10482
10489
10490
10491
10497
10498
10500
10511
10512
10515
10518
10520
10522
10530
10534
10540
10546
10550
10553
10554
10555
10560
10566
10569
10571
10574
10575
10577
10578
10587
10588
10589
10593
10595
10597
10601
10612
10614
10619
10622
10625
10629
10630
10638
10641
10651
10657
10658
10659
10664
10669
10673
10676
10680
10681
10682
10685
10686
10689
10691
10694
10696
10698
10700
10703
10705
10714
10715
10716
10718
10722
10723
10724
10750
10751
10752
10753
10754
10759
10764
10765
10767
10770
10771
10773
10774
10777
10778
10780
10781
10794
10798
10803
10806
10811
10813
10818
10827
10829
10832
10837
10844
10845
10847
10848
10850
10851
10855
10856
10858
10860
10873
10875
10878
10880
10883
10886
10893
10894
10897
10898
10900
10902
10904
10917
10918
10920
10922
10923
10930
10936
10938
10939
10958
10959
10964
10969
10971
10972
10974
10979
10983
10984
10985
10987
10988
10991
10994
10996
10997
10999
11002
11004
11012
11014
11016
11017
11019
11020
11024
11031
11032
11035
11049
11051
11052
11067
11070
11071
11076
11078
11079
11080
11082
11083
11084
11085
11087
11092
11099
11104
11116
11122
11123
11127
11130
11131
11132
11133
11134
11135
11136
11140
11144
11146
11149
11151
11155
11159
11162
11177
11181
11182
11183
11184
11185
11186
11191
11192
11194
11198
11199
11200
11206
11209
11211
11214
11227
11231
11235
11240
11243
11255
11263
11268
11269
11271
11273
11275
11281
11287
11289
11290
11333
11336
11340
11342
11344
11349
11350
11352
11353
11354
11359
11361
11365
11369
11370
11386
11388
11391
11392
11394
11395
11397
11400
11407
11408
11409
11410
11415
11418
11419
11422
11429
11433
11434
11436
11447
11448
11451
11454
11455
11456
11459
11461
11462
11467
11468
11485
11495
11496
11498
11507
11509
11510
11511
11512
11515
11520
11523
11529
11535
11541
11545
11547
11548
11567
11568
11570
11572
11574
11575
11578
11582
11587
11589
11602
11603
11605
11608
11632
11635
11638
11646
11650
11651
11652
11655
11656
11657
11659
11661
11667
11668
11669
11671
11711
11716
11728
11729
11734
11744
11756
11757
11759
11764
11767
11773
11783
11786
11790
11792
11794
11797
11799
11801
11803
11806
11810
11815
11817
11828
11832
11834
11835
11845
11846
11847
11854
11857
11864
11865
11872
11875
11886
11888
11890
11898
11904
11907
11908
11913
11920
11939
11943
11948
11950
11952
11960
11961
11962
11965
11967
11970
11972
11974
11979
11980
11989
11990
11997
12008
12009
12010
12011
12013
12019
12024
12028
12041
12043
12045
12049
12050
12051
12057
12083
12085
12093
12094
12096
12108
12112
12117
12122
12126
12128
12131
12132
12133
12134
12135
12136
12138
12139
12140
12144
12145
12146
12148
12150
12157
12158
12159
12161
12162
12165
12167
12169
12170
12171
12173
12174
12175
12176
12178
12179
12183
12230
12231
12232
12236
12237
12240
12241
12246
12248
12258
12260
12264
12267
12268
12270
12271
12277
12286
12287
12294
12296
12300
12302
12314
12315
12317
12319
12321
12322
12325
12326
12327
12328
12331
12335
12336
12337
12338
12339
12340
12341
12344
12350
12364
12366
12385
12389
12393
12397
12399
12402
12403
12404
12409
12413
12416
12418
12419
12421
12423
12425
12427
12430
12433
12435
12442
12443
12444
12448
12450
12451
12458
12461
12462
12470
12472
12477
12481
12482
12483
12497
12498
12499
12513
12514
12515
12516
12623
12628
12632
12637
12638
12642
12646
12647
12648
12650
12651
12656
12659
12661
12662
12672
12689
12690
12703
12711
12737
12740
12744
12757
12770
12773
12774
12775
12776
12780
12782
12792
12793
12797
12799
12803
12812
12817
12822
12823
12825
12830
12834
12836
12838
12844
12845
12855
12918
12919
12924
12933
12934
12937
12944
12947
12950
12951
12955
12959
12960
12962
12963
12971
12975
12977
12982
12984
12986
12987
12992
12997
13005
13011
13012
13014
13030
13039
13040
13042
13044
13045
13046
13047
13048
13049
13051
13053
13054
13055
13056
13057
13058
13061
13062
13063
13064
13066
13069
13073
13077
13079
13080
13088
13089
13091
13092
13093
13094
13095
13096
13099
13105
13110
13111
13113
13117
13121
13123
13125
13127
13129
13134
13141
13142
13145
13148
13149
13150
13154
13157
13163
13164
13167
13169
13170
13176
13177
13181
13183
13184
13185
13188
13189
13190
13192
13196
13201
13202
13204
13207
13219
13223
13225
13226
13229
13230
13232
13234
13235
13240
13243
13250
13253
13257
13258
13260
13263
13271
13275
13277
13278
13282
13283
13290
13291
13293
13294
13296
13298
13303
13306
13319
13323
13325
13332
13336
13340
13344
13347
13349
13353
13354
13358
13359
13362
13364
13365
13367
13369
13370
13372
13373
13377
13384
13385
13386
13387
13388
13389
13393
13395
13396
13397
13402
13410
13412
13416
13433
13434
13438
13451
13455
13465
13469
13482
13484
13486
13488
13489
13490
13499
13506
13508
13510
13514
13524
13529
13531
13532
13533
13535
13536
13538
13541
13544
13547
13548
13549
13550
13551
13552
13553
13554
13558
13559
13562
13563
13573
13574
13575
13579
13580
13582
13584
13585
13586
13587
13589
13590
13593
13594
13596
13599
13600
13601
13602
13605
13606
13608
13609
13610
13612
13613
13615
13619
13627
13629
13630
13632
13633
13634
13636
13639
13640
13642
13645
13646
13649
13650
13652
13655
13657
13661
13666
13667
13670
13671
13673
13675
13676
13681
13682
13683
13689
13691
13694
13695
13699
13700
13704
13706
13707
13710
13712
13713
13714
13715
13716
13723
13724
13725
13726
13727
13728
13730
13731
13733
13734
13738
13740
13742
13744
13746
13747
13748
13751
13752
13753
13754
13755
13756
13757
13759
13760
13765
13769
13782
13783
13785
13787
13789
13793
13795
13797
13798
13799
13808
13811
13812
13815
13818
13824
13825
13826
13831
13832
13833
13835
13838
13840
13844
13845
13846
13847
13849
13850
13853
13855
13857
13862
13863
13864
