3835
6679
7156
1104
1065
1090
1073
1045
1097
1089
1111
1060
1069
1048
1052
1059
1102
1072
1066
1062
1076
1099
1056
1057
1081
1063
1094
6420
7043
6754
7526
9699
10945
10944
10949
111
117
115
3411
3392
3409
3403
3406
3410
3394
3407
3401
10492
2686
2675
2679
2940
9120
9122
6764
6765
2532
2538
2545
2534
2533
2535
2544
2546
2542
2539
2540
2543
6708
10439
10437
9869
10915
10914
10882
11747
1916
1915
1914
1917
1923
1906
1922
1918
1919
1913
1924
1912
1903
1905
1925
5365
5408
5394
5402
5384
5399
5373
5387
5375
5376
5393
5385
5368
5374
5390
5396
5407
5405
5369
5391
5371
5398
5378
5395
5364
5379
5403
5366
5367
5397
5377
5392
5383
5389
5386
5406
6392
6685
6688
6687
6683
6689
6690
6520
6518
6604
6640
6638
6641
6655
6970
11263
11266
11264
11265
10798
1268
1531
1513
1517
1527
1508
1532
1509
8513
8532
10968
8533
9919
9916
9917
11603
12161
11632
11735
11785
11828
11887
12275
12638
12778
122
10716
10715
10714
10717
196
189
193
192
191
6429
6428
7981
9849
9851
9877
8257
1977
2062
2080
2081
2014
2069
2019
1989
2035
2053
2050
2075
2027
2011
2038
2055
1962
2071
2017
1956
1978
2079
1966
7221
1994
1954
2024
2006
2010
1973
1965
1970
2009
2048
2031
1971
2036
2065
2052
1958
1974
2003
2032
2033
2034
2049
1976
2045
1985
1980
2000
2042
2054
2051
2005
2025
2029
2068
2012
1967
2026
2070
1983
1992
1969
2018
2058
2073
2064
1996
2043
1952
1982
2020
1995
1999
2040
2072
2041
1957
2039
2022
1959
2023
1987
2002
1968
1998
6801
6804
6817
6814
6011
6012
6013
6010
6818
6809
6807
6808
6825
6805
6821
6823
6803
6816
6815
6359
9739
7267
6812
6813
6822
7142
8305
8304
9738
8370
8642
8649
8641
8648
8636
8646
8638
8643
8631
8644
8627
8650
8632
8628
8633
8637
8652
8647
8651
8634
8645
8640
10898
10865
10866
10935
10035
10033
10034
11130
10412
10411
11652
11131
11134
11133
11135
11132
12659
12655
12669
12654
12662
12663
12665
12306
407
11122
11124
1706
1707
1709
1711
1710
1708
6606
7529
7528
8254
8256
9439
9438
9437
9854
12162
12960
12961
3272
3273
6434
6436
6709
1500
6869
3482
3483
12348
3127
3135
3062
3115
3095
3077
3116
3140
3087
3106
3129
3103
3111
3083
7251
3072
3128
3133
3080
3107
3052
3102
3051
3082
3064
3131
3068
3084
3101
3120
3134
3081
3055
3057
3061
3098
3126
6413
6944
6939
3079
6216
6219
6217
6220
6443
3074
6431
6432
6032
6603
6515
6512
6509
6940
7061
7055
7065
8190
8185
8679
9576
11597
11771
11328
12809
12806
11711
11567
11569
12346
13034
13025
13026
13035
13024
13028
13023
13027
13029
12922
6955
6989
7337
10030
9999
2918
2928
2932
2907
2899
2905
2927
2909
2922
2904
2911
2910
2930
2913
2931
2921
2895
2896
2933
2925
2929
6259
2897
2914
2926
2923
6095
6871
6383
6455
8001
7032
7051
7629
7635
7631
7627
7628
7633
7625
7634
7507
7392
9602
8219
9931
10470
10472
10475
10678
10681
10677
10679
10684
10626
10630
10474
10471
10476
10477
10467
10971
10972
11766
10886
10964
10962
11144
11001
11530
11635
12020
12990
12510
12508
12516
12509
1844
1842
6286
10808
3824
3825
3819
3822
3818
3823
3832
3820
12672
12292
4610
6554
4608
6421
7366
10780
10778
10777
10774
10782
4824
4825
4828
4823
4267
4483
4407
4178
4066
4577
4024
3886
4114
4302
4194
4367
4266
4480
4065
3888
3922
4448
4542
3978
3956
4428
3974
3908
4220
3933
3987
4309
4053
3906
4400
4199
4112
4179
4116
4351
3878
4540
4356
4146
4171
3919
4376
4219
4295
4048
4250
3935
4033
4379
4389
4025
4049
3945
3921
3896
3951
4497
4422
4090
3861
3973
4432
3924
3911
3980
4074
3936
4172
3860
3943
4284
4242
4249
4334
4054
3928
3992
4325
4478
4197
4013
3897
3914
4505
4578
3868
4238
3997
3875
4292
4216
4184
4417
3942
4042
3998
4443
4088
3903
4050
4012
3892
6777
6776
6775
6774
6773
6779
6782
6783
3994
3932
4373
4126
3880
4513
4193
4055
4408
3883
4363
4019
4142
3858
4154
4117
4175
3923
3970
4059
4185
3876
4085
4286
4046
4147
4176
4038
4040
4425
4321
3866
3900
3949
3917
4064
3862
4327
4255
4118
4274
4177
3959
3870
4283
4027
3946
4401
3891
3907
4300
4100
3884
3881
4256
3982
3968
4228
3859
4096
4457
4119
4190
4410
4060
4162
4318
3991
3985
4034
3889
4087
4001
6781
4289
4121
4072
4092
3969
4475
4083
3882
4335
4021
4360
4125
4330
4320
4069
3929
4575
4375
4047
3947
3941
3904
4251
3869
4361
3879
4156
3916
4211
4130
4393
4113
4514
4341
4536
4237
4103
3874
4275
4009
3890
4339
4109
4427
4182
4155
4031
3990
4282
4343
4569
4144
3954
4094
4224
4263
4319
4052
4107
3962
3899
4159
4070
4023
4183
3975
4234
4186
4111
4232
3864
3938
4137
4562
3958
3885
4279
4206
4002
4331
3984
4032
4160
4236
4158
4039
4262
3893
3873
3993
4131
3966
4241
4348
4261
4264
4208
3898
4068
4404
3925
4076
4198
4201
4413
4136
3948
4115
4498
4374
3895
3983
3960
4124
4084
3988
4304
3996
4073
3865
3986
4285
3905
4180
4280
4086
4344
4486
3971
3957
4037
4056
3871
4011
4015
3913
4089
4423
3902
4139
4044
3912
3934
4008
4370
4551
4240
4020
4272
4164
4134
4449
4035
3972
4149
4412
4322
3863
3939
4252
3931
4138
3961
3930
4525
4550
4075
4127
3901
6543
6542
6540
6539
6541
6538
6537
6055
4058
6285
6302
6570
6572
6573
6569
7416
7417
6751
6993
7399
7362
9409
8020
9745
10566
10569
9742
9741
8223
8221
8222
10567
10764
10767
10771
10762
10765
10773
11204
11794
12008
12648
11517
11177
11178
11181
11192
11220
11200
11180
11182
11184
11199
11211
11214
11190
11183
11209
11186
12622
12496
12495
12494
3389
3385
3386
3388
3384
11891
11892
11893
11894
2779
2792
2780
2790
2782
2781
2802
2805
2793
2794
2804
2795
2797
2807
2801
2800
2803
6991
6990
6992
12647
12646
541
12773
12772
3846
6096
3848
3849
3845
3852
3842
3840
3847
3850
3851
6152
6403
6388
6386
6387
6385
6562
6553
6536
7321
7322
7320
8313
8315
12094
12093
12141
11908
2251
2248
2236
2253
2239
2242
2249
2240
2232
2250
2257
2255
2246
2243
2247
2244
2234
2258
2241
2233
10797
10427
761
964
963
4677
1426
6323
1656
1642
1585
1591
1596
1655
1682
1571
1582
1589
1654
1621
1631
1686
1551
1674
1612
1697
1545
1683
1595
1690
1667
1618
1584
1574
1606
1581
1653
1552
1587
1555
1669
1675
1632
1647
1604
1657
1576
1578
1562
1594
1636
1620
1548
1558
1668
1580
1534
1579
1649
1646
1583
1567
1543
1560
1627
1559
1645
1588
1658
1700
1625
1630
1641
1602
1569
1635
1566
1544
1665
1599
1597
1570
1542
1598
1575
1619
1539
1541
1537
1553
1637
1554
1617
1557
1564
1540
1593
1577
1603
1536
1573
1546
1678
1605
1550
1535
1565
1639
1600
1561
1538
1698
1601
1622
1568
1586
1549
1634
1624
6151
6651
8612
8603
8599
8611
8613
8600
8609
8604
8614
8598
8615
8608
8597
8610
8601
8606
9502
9503
9501
4789
4808
4811
4780
4767
4769
4807
4761
4783
4771
4773
4803
4774
4790
4760
4764
4791
4768
4770
4798
4805
4763
4801
4814
4778
4788
4797
4794
4786
4781
4765
4796
4782
4762
4795
4809
6415
10561
2149
2166
2158
2181
2194
2161
2151
2150
2192
2186
2143
2185
6531
6528
6535
7541
9862
8173
10957
10958
10423
11607
11605
11972
11976
11970
12109
12113
12260
12264
12266
1722
1727
5567
4622
2220
2222
2228
2215
2225
2219
2226
2227
2224
10003
5485
5533
5494
5509
5423
5506
5492
5504
5413
5440
5490
5530
5507
5496
5471
5529
5455
5515
5512
5470
5467
5502
5500
5519
5419
5420
5516
5526
5426
5425
5517
5450
5527
5513
5523
5427
5429
5459
5468
5445
5489
5458
5521
5415
5443
5491
5501
5482
5409
5475
5483
5531
5449
5462
5525
6475
6911
6038
6039
6915
6925
6904
6900
7298
7289
7293
7286
6921
6924
6906
6927
6913
6917
7285
6408
6409
6405
8663
8617
7404
7402
7401
7400
7666
7680
7656
7664
7685
7653
7679
7650
7658
7660
7655
7671
7649
7663
7586
9682
9621
9628
8111
9456
9454
9615
9620
9607
9646
9609
9608
9629
10587
10601
10595
9669
9605
9613
9632
9612
9667
9616
9611
10588
9638
9634
10589
9680
9618
9614
9622
9668
9636
10597
10596
9617
8682
10707
10702
10706
10700
10705
11273
9641
9630
9642
11342
11339
9942
9990
11287
11275
11521
11520
11662
11665
11663
11667
11664
11467
12010
12011
12009
12012
11285
11281
12122
12142
12144
12143
12147
12146
11959
11960
12461
12432
12431
12435
12426
12427
12458
12462
12651
12650
2729
2730
7391
7388
9447
9908
11415
10759
10995
10996
10992
10991
11995
12119
11011
12444
12447
12445
105
104
6582
6575
8317
9899
9897
10323
9826
10849
10845
10844
10846
11646
10902
10901
12084
12128
12232
12231
12632
11014
11962
12423
12420
12419
12424
12421
12413
12315
12314
12711
1927
9888
10405
10409
10404
11651
1826
1822
1823
1828
1829
9905
10400
11406
11649
11129
12410
12409
12411
12637
12296
12629
12300
12294
12297
10510
428
429
6980
4856
4851
4854
6701
9453
10579
12369
2943
2941
4848
4850
4846
4847
4830
12028
11939
1221
2474
2473
12165
1506
2140
2136
8347
8666
7238
2687
9712
9708
406
7982
7559
7591
10755
10752
10750
10751
10754
8687
8689
9061
9064
9063
9060
9785
5615
5644
5619
5633
5663
5625
5652
5616
5661
5678
5653
5672
5627
5671
5651
5659
7259
5645
5656
5622
5687
5635
5677
5670
5680
5631
5624
5679
5674
5666
5683
5643
5641
5668
5639
5649
5623
6137
6145
6139
6144
6136
6134
6140
6142
6138
6133
6143
6135
11468
11289
11290
11795
11587
11589
1140
1144
1121
1146
1115
1141
12440
384
382
381
386
6161
6168
10349
6984
6986
12799
12804
3262
3259
3252
3251
3261
3250
3254
6676
7130
10760
10761
10740
10741
10746
10737
10743
10748
10742
10487
10885
12742
10725
6160
6156
6154
6153
8541
8543
1901
12926
12927
12930
12929
12931
6797
6798
11397
12042
12043
12642
13005
3790
3739
3767
3783
3768
3770
3771
3779
3782
3789
3772
3741
6718
6740
6739
6717
6734
6720
3759
10521
10539
10534
10538
10557
10533
10541
10549
10553
10536
10520
12085
11361
11421
11369
11359
11420
11366
11360
11862
12025
11989
3147
3149
3144
7125
7128
10482
11572
11570
11817
9876
826
873
844
787
816
849
815
842
879
783
880
846
892
859
911
914
865
790
789
7215
862
900
888
895
893
883
875
896
6757
6758
853
882
855
820
7308
864
898
872
777
9118
838
874
885
792
784
869
852
809
835
903
850
776
823
870
910
801
821
915
857
841
804
785
901
827
887
775
877
909
856
866
912
832
828
899
897
6593
889
854
6221
843
6699
6201
6202
6199
6195
6203
6206
6198
6204
6205
6196
6197
902
894
6111
6110
6666
6252
6253
6254
6307
6305
6303
6306
6882
6881
6883
8167
7525
8352
8365
7040
7039
7041
6376
6367
6380
6379
6490
6491
6946
6947
7038
7387
7517
7515
7518
8568
9536
9534
9538
9530
9569
9535
9568
9065
9066
8552
8553
10373
10053
9430
11070
10372
10374
11061
12158
12159
12157
12173
12175
12176
12240
11845
12918
12919
11884
11886
11867
11729
11728
11805
11806
11803
12844
12845
12838
12841
12839
12833
12843
12196
12218
12221
12229
12226
12183
12171
12182
12975
12972
12976
2089
2091
2086
2090
6321
7190
7173
7187
7177
7176
7181
7179
7191
7170
7184
7168
7192
8093
8096
8059
8060
8092
8076
8068
8061
8081
8062
8073
8075
8098
8099
8082
8078
8087
8090
8077
8069
10417
10414
10413
11550
11564
11563
11561
11549
11559
11557
11927
11931
11928
11926
11936
11933
2861
2886
2874
2864
2889
2882
2842
2859
2855
2876
2836
2867
2847
2849
2868
2860
2837
2838
2858
2844
2854
2875
2892
2887
2846
2848
11792
3412
2
1
1250
560
7583
7585
12924
2731
538
6938
6937
370
369
358
361
353
362
375
374
354
363
352
373
367
366
10333
10334
10337
10343
10339
4819
9323
1933
1936
1940
1932
1931
1938
11544
2818
2819
2820
2826
1712
1717
10923
2583
2581
2618
2603
2570
2612
2556
2579
2584
2557
2608
2573
2619
2568
2587
2562
2594
2571
2580
2558
2598
2551
2572
2601
2552
2593
2565
2575
2611
2554
2569
2607
2555
2566
2553
6092
6078
6079
6075
6091
6093
6076
6085
6077
2576
2564
6048
6654
2616
2605
2606
6398
2574
2563
2560
6028
6026
6027
6744
6833
6836
7991
7997
7996
7994
7992
7993
7998
7995
8263
8266
8264
10441
10939
10811
10938
9957
9965
11411
9959
9970
11412
9972
9971
9952
9966
9964
11413
9968
9973
9961
10832
10830
11510
11507
11509
11511
10985
11349
11350
11352
11353
11344
10988
11354
10981
10989
10986
12341
11855
11815
1411
12788
12797
12793
12981
388
392
389
6584
6585
6586
6587
6590
9995
10917
10919
217
225
249
227
236
231
219
240
221
245
232
239
229
250
253
247
10904
2810
2808
2815
2809
11140
3510
3552
3557
3541
3573
3566
3506
3504
3495
3525
3554
3567
3544
3574
3553
3545
3535
3539
3577
3527
3584
3530
3596
6022
6019
3583
3594
3496
3560
3595
3572
3526
3585
3587
3533
6704
6471
6464
9557
9558
7456
7972
7648
10812
10055
11155
10862
10856
11158
11159
11774
11156
11157
11400
11332
11330
478
479
530
525
489
534
484
513
524
508
499
520
522
503
519
486
527
516
494
6368
7449
7443
7441
7446
11540
12131
12132
12966
1870
12134
11949
921
932
935
922
923
931
927
933
926
925
930
928
7089
9787
9788
10375
10376
11757
11797
12230
11051
11394
11388
11392
11391
11395
12095
12811
3838
625
627
624
9522
10786
11802
2303
2315
2306
6761
2305
2302
2311
2314
2304
2308
2307
11518
11634
11905
9115
9107
9100
9111
9104
9102
9407
9404
12989
12987
1941
341
336
337
338
342
10331
10329
11690
11695
423
3276
3275
13041
420
419
418
665
666
638
657
696
708
663
752
693
658
655
680
687
759
7214
633
698
737
686
679
734
629
757
7212
7207
660
682
673
748
662
725
648
669
692
681
653
678
732
689
728
688
690
671
730
755
684
664
667
634
6374
6373
6650
6646
7411
9731
9733
9732
8622
9564
8659
10974
9996
11050
11424
11423
11428
12781
11912
12289
12290
9480
2641
2640
2666
2667
9482
2639
2646
2661
2633
2636
2651
2665
2654
2669
2664
2659
2637
2655
8537
8567
8538
8536
8539
9988
2746
2750
2758
2760
6343
6336
6332
6334
6337
2753
2745
2747
6015
7090
6353
8000
10008
6065
6070
9794
11512
10803
10805
10806
11077
11074
11071
3809
3815
3804
3799
3813
3810
3811
3806
3805
6620
6446
9832
9837
9834
9840
9830
9833
9835
12320
12323
12332
12316
12324
12331
12318
12325
12317
994
1028
1007
1002
1017
1000
6760
995
1041
1003
1011
998
1043
1030
1036
1020
1018
7093
7095
7097
6492
296
295
4606
4605
4604
10687
586
582
602
596
593
7406
584
585
587
591
595
601
581
597
590
598
577
6147
6523
8701
12770
12483
1773
1789
1744
1736
1739
1733
6352
1754
1751
1791
9124
1788
1745
5990
6006
5991
8723
8724
8709
8722
9521
6957
6958
7561
7567
7616
7595
7618
7597
7615
8559
8558
10905
10910
10894
10897
10893
9924
9923
9927
9922
11744
10796
11119
11098
11097
11100
11791
11789
12956
12953
12951
12957
12955
11809
12393
12999
12996
1800
1802
6233
6231
6230
1796
1801
6669
11798
13039
13037
74
82
62
8
27
67
11
52
16
80
56
39
43
44
81
32
75
50
70
45
22
15
58
31
18
40
42
59
69
1453
1462
1469
1454
1477
1463
1483
1487
1471
1486
1461
1490
1478
1475
6251
6438
7165
7167
8702
10396
9497
9866
10393
10619
11089
11765
11029
11019
11031
11017
11020
11033
11032
12479
12477
12466
12476
12473
12245
12243
12364
12365
12133
1421
1418
3708
3652
3628
3665
3675
3646
3654
3636
3694
3716
3722
3695
3635
3700
3638
3685
3626
3651
3709
3679
3649
3717
3645
3625
3650
3642
3634
3712
3631
3671
3719
3622
3705
3684
3715
3714
3692
3640
3682
3687
3690
3710
3657
3704
3629
5982
5984
5979
5981
7254
6561
7360
7351
7358
7361
7353
7357
8101
8376
10515
9504
10513
12350
1222
1224
1223
6525
8043
8047
8049
8039
8044
8038
8037
8036
10388
10387
10379
10385
10378
10377
10381
10386
10967
10978
10384
12099
12097
12098
12101
12100
451
436
434
444
433
448
431
450
441
438
432
435
452
440
6346
6394
7115
7116
7163
7439
7435
7436
7960
8548
8535
10367
10723
10718
10721
10720
10013
10012
10015
11756
11052
12389
4628
4630
4662
4638
4655
4657
4650
4629
4658
4670
4676
4642
4653
4664
4665
4663
4652
4659
4633
4671
4661
4645
4631
4672
4632
4654
4639
4651
4647
6448
8272
9081
9078
12984
1238
1235
12704
3451
3439
6772
3474
3434
3464
3478
3415
3457
3444
3455
3450
3472
3421
3479
6770
6771
3476
3463
3442
3426
3477
3435
3416
3433
3423
3469
3470
3467
3456
3458
3436
3425
3459
3460
3465
3448
3443
3419
3466
3437
3418
3440
3447
3429
6239
3414
3431
3438
10498
10501
10500
5338
5339
5345
5314
5347
5310
5326
5317
5316
5348
6789
5319
5341
5337
5334
6792
6788
6790
6793
5309
5313
5330
5351
5318
5331
5342
5335
5312
5321
5325
5320
5311
5343
5322
5333
5349
6289
10583
10582
10585
12274
12273
7133
402
394
393
401
400
403
405
10356
10355
10357
10361
11629
11821
11822
11823
11469
12283
12281
12279
12855
12850
12920
12851
12853
12854
1244
7027
12821
12822
12823
12818
12820
12819
2291
2267
2271
2283
2261
2296
2259
2294
2282
2290
2273
2262
2275
2287
2266
2292
2278
2277
2300
2260
2284
2268
2270
2274
2299
2264
2272
2293
2288
2265
2281
2301
2279
2297
11698
1248
6599
6600
6668
7592
2476
7622
1868
12994
946
947
942
959
949
951
955
8389
8388
8624
10025
10651
10788
1812
8271
3316
3327
3311
3282
3323
3310
3300
3284
3317
3304
3290
3308
3318
3277
3281
3294
9485
3291
3325
3321
3298
3329
3279
3278
3312
3320
3303
3309
3295
3330
3302
3299
3283
3319
3297
3305
3301
6300
6966
7569
10694
11716
11574
13020
13015
13021
13018
13016
13019
2772
2832
2835
1231
1228
1240
1239
6503
6502
6500
8556
8557
10827
10828
10922
10921
11080
11081
11085
11084
11083
11079
11082
12682
12695
12690
12686
12681
12693
12677
12676
12685
12675
12816
4755
4752
4745
4758
4749
4739
4744
4751
8108
8109
8110
8025
8026
9512
9511
10575
10572
10573
11835
11834
12233
12703
1280
1342
1318
1333
1320
1306
1310
1349
1357
1330
1367
1336
1297
1365
1290
1317
9476
9473
9475
1295
1361
1352
1323
1302
12506
4598
4593
4588
4594
261
10051
3044
6410
7966
7968
3269
3268
6260
7085
2480
2505
2519
2486
2491
2492
2500
2528
2504
2523
2521
2510
2517
6661
6657
6658
6662
7497
8735
8732
8736
8734
8728
8667
8668
8672
8671
8675
8673
11136
12644
287
284
273
285
269
265
264
7347
7432
7381
7380
8253
11602
12941
12940
12964
12937
12933
12936
12963
2991
3014
2983
2961
2974
2976
3009
3021
3005
3020
2971
3008
6769
6768
6767
2997
2984
3019
3015
3018
3027
2977
3013
2978
2998
2962
2969
3028
3038
2979
2965
2967
2985
3036
3003
2990
2999
2980
2958
3035
2981
2963
3016
3012
2956
2987
2975
3010
3025
2972
2973
3031
2982
7037
7101
6401
6402
7275
7280
7277
7276
8009
7413
7964
7963
7962
10039
11531
11534
11533
11535
11979
3839
6128
6126
3048
3049
7270
7269
10038
12782
2085
9464
765
766
764
9886
9884
9885
9879
9881
9883
9880
9882
11968
2230
4857
4862
4864
4858
9578
9577
108
4600
4601
2828
12241
1440
1430
7028
8662
5596
5612
5576
5611
5594
5601
5599
5593
5602
5605
5583
5604
5597
5584
5595
5590
5613
5603
5581
5582
5609
5592
5578
5579
5591
5610
5614
5589
1808
1806
1809
1803
1217
8339
8346
8341
8338
8336
8344
8337
8343
10325
1210
1209
323
302
305
310
331
304
300
307
298
299
311
306
303
313
322
325
312
7157
7159
7140
7272
12373
12378
12377
3857
3856
6244
10564
12357
12358
12354
2202
2209
2210
2201
12736
12455
12450
4833
4840
161
177
160
172
7200
7202
174
146
165
7201
147
171
143
164
159
137
142
187
155
173
7408
6364
6363
6644
7081
7080
8574
9462
1407
1374
1377
1401
1387
1385
1372
1370
1373
1399
1383
1408
1406
1380
1397
1375
1376
1382
1386
1404
1388
6257
6256
1389
7315
9435
9436
8570
8572
8571
9550
9549
9551
11000
12400
12396
201
4679
4681
4680
3379
7083
1702
7273
9479
6962
11327
12102
12104
12105
12103
1243
1241
3194
3195
3209
3248
3224
3237
6799
3193
3152
3232
3206
3167
3163
3215
3220
3201
3226
3172
3247
3218
3204
3200
3203
3183
3233
3159
3236
3210
3243
3217
3155
9256
3205
3179
3249
3151
3196
3188
3190
3154
3208
3213
3173
3207
3234
3241
3221
3168
3153
3175
3182
3244
6192
6194
6670
6675
6673
6674
7110
7112
7109
7114
7102
7394
2672
2670
2673
7247
6841
7246
6843
7245
7243
1895
9265
9263
9259
9258
9264
9257
9098
9139
9144
9137
9141
9135
9132
9150
9131
9140
9147
9149
10442
9337
9339
9327
9330
9328
9350
9334
9335
9332
9349
9329
11292
2361
2406
2441
2444
2398
2403
2430
2461
2425
2438
2367
2437
2341
2449
7234
7233
7224
2330
2374
2434
2409
2453
2421
2324
2336
7236
2433
2415
2436
2435
2422
2418
2322
2359
2465
2462
7231
2440
2464
2333
2443
2372
2460
2431
2393
2405
2371
2368
2329
2467
2407
2420
2353
2450
2387
2414
2432
2354
2349
2399
2390
2448
2466
2356
7237
2321
2384
2396
2419
7227
2402
2339
2451
2352
2342
2428
2326
2325
2380
2340
2445
2377
2362
2382
2327
2404
2447
2381
2401
2370
2383
2442
2388
2385
2346
2412
2369
2364
2394
2439
2429
2386
5975
2446
6288
6209
6211
6210
6238
6601
6504
6703
8248
8309
8310
8308
8306
8307
7195
9563
9579
9582
9584
9590
9594
9600
9589
9587
9585
9596
9586
9703
9702
9906
8657
8654
8655
8564
8566
8563
8565
9828
7581
9077
9072
9071
9443
9758
12019
12336
12340
12337
12338
12339
12335
12740
10850
11832
10936
11455
11459
11458
11461
11454
11035
12401
7216
1415
5295
5267
5282
5284
5276
5305
5270
5292
5288
5294
5272
5269
5273
5268
5279
5300
5275
5290
5286
6548
6551
6544
6549
6546
5306
5303
6878
5304
7078
7077
6854
6855
6856
9747
9726
11258
9974
11261
11464
11990
3039
3040
2549
2316
3354
3346
3351
3356
7067
7068
7069
11358
5357
5352
5356
5361
6630
10644
10669
9975
545
549
7203
547
535
920
919
917
11387
11384
4973
4974
4969
4961
4957
4967
4962
4968
4971
4965
4976
4975
7463
7464
5557
5559
5562
5563
5558
3797
1818
1816
1813
5543
5544
5537
5535
9776
11586
11584
92
90
95
88
87
94
86
96
91
89
7316
8686
936
3369
3365
3364
3373
3360
3363
3366
3370
3359
6412
7328
7327
9604
12050
12051
11152
11151
11145
11997
9156
13013
13011
13010
13012
10875
10873
10878
10631
567
570
574
568
6418
8217
9751
9756
10783
11039
11057
11045
11042
11383
1254
6181
6177
6180
6171
6174
6179
6633
6632
8051
8050
8169
8591
8586
9574
9852
10675
11431
11432
11731
11759
11846
11849
468
466
2726
2723
2704
2694
2701
2720
2722
2725
2710
2716
2721
2727
2706
2713
7414
8181
8182
9706
10462
10463
10459
10448
10690
12768
1810
6828
7988
7989
10689
11924
11923
12761
12763
1491
11944
410
408
197
198
2778
2777
2776
6861
5574
5571
131
135
136
5987
5986
1493
1499
1495
1494
1498
11006
11009
11007
11943
6849
3271
3270
1833
1838
1836
1834
1835
10625
8660
981
985
986
991
984
968
987
975
971
970
979
983
978
989
972
969
10920
11491
120
119
9472
9471
9467
9466
9727
11637
1409
7580
3484
3486
1193
1196
1207
1183
1155
1171
1202
1206
1179
1195
1176
1187
1159
1152
1199
1156
1160
1191
1170
1197
1205
1173
1177
1188
1192
1157
1198
1163
1161
1200
6169
1182
1158
1194
6358
6309
6314
6319
6313
6312
6316
6310
6311
6119
6115
6123
6122
6117
6118
6112
6149
6131
6132
6057
6040
6056
6742
7047
7045
7120
7349
7282
7281
10028
10029
10614
10615
12817
12041
4868
8011
1884
1890
1885
1891
1889
1887
1888
7412
7263
7264
7265
7429
7428
7426
6886
6885
6884
7427
7430
8350
11003
621
615
607
613
622
608
614
612
605
10024
10369
10370
10371
10756
10757
10758
11053
11903
11902
12126
2099
2113
2094
2100
2096
2092
2125
2127
2098
2116
2111
2093
2095
2121
6207
2114
2124
2101
2129
6609
6608
6616
6611
6615
6612
6607
6893
10657
10659
10658
11965
11967
7557
9553
6622
6627
6625
6623
10664
5551
5556
5550
5553
5548
10710
9943
1951
6887
6891
6964
12237
11801
3621
3605
3609
3619
3613
3606
3614
3620
3615
7461
8312
7506
7504
7505
7501
7330
7335
7336
7333
7331
7332
7329
9451
8737
9873
9874
9875
9872
10057
10059
10061
10058
11950
11437
11172
11175
11176
11722
11598
11600
12463
12006
12001
12002
12004
3599
3600
3598
3597
102
99
11696
11697
767
771
772
768
773
12048
12345
4729
4696
4731
4716
4710
4714
4701
4719
4707
4728
4718
4722
4721
4711
4704
4703
4709
4702
4699
4700
4708
4715
4697
4725
4698
4723
4706
4705
4713
4717
4724
4727
4720
6574
6101
6103
6105
6099
6097
6104
6102
6100
6850
7256
7257
6556
6559
6558
6557
7092
8270
7978
7973
7977
7976
7979
7974
7975
8267
8269
8616
10847
10571
11240
12271
12267
12270
12272
126
125
3337
3340
3343
3342
3338
3339
3331
3344
3345
3334
3333
6357
6355
8375
10489
10490
10491
11981
12139
12138
12136
12135
12993
2200
2198
2199
7222
6043
7324
11954
11448
11449
11452
11496
11506
11498
6241
6243
10623
1881
1878
5973
10980
10933
11230
11229
11228
12381
10389
10390
11904
11890
4942
7418
8030
7521
10817
8738
9085
9418
9417
9494
9718
9763
9810
9770
9812
9937
11243
12057
2631
7143
7499
10851
2936
209
207
214
203
205
204
211
208
8328
8329
8334
8333
8331
8330
9780
9778
9782
9777
9781
9779
8349
1831
7098
8321
8327
8165
8160
8166
8164
8163
8148
4687
463
464
6459
9449
11462
12166
2734
2735
2732
9287
9275
9311
9294
9317
9292
9290
9276
9291
9307
9281
9278
9288
9315
9298
9300
9299
9309
9313
9274
9306
9303
9293
9279
9273
9269
9305
9285
9282
9297
9304
9280
9284
9270
9301
9296
9289
9286
9277
9308
9864
9865
9863
11659
11655
11653
11656
11221
11381
11576
9091
9094
9093
9092
9090
10673
11865
11864
11546
11548
9248
9228
9201
9180
9183
9182
9247
9251
9237
9231
9205
9250
9215
9220
9230
9159
9188
9171
9164
9167
9233
9185
9197
9214
9229
9192
9187
9179
9177
9240
9165
9198
9210
9170
9211
9178
9181
9213
9227
9168
9158
9243
9186
9234
9160
9172
9207
9162
9166
9174
9252
9245
9232
9222
9176
9235
9221
9191
9202
9209
9204
9249
9173
9212
9242
9223
9218
9219
9225
9189
9161
9224
9193
9163
9184
9196
9226
9190
9200
9236
9194
9208
9206
9199
9246
9238
9241
9203
9157
9216
10037
10883
10009
11906
11907
12774
12775
5229
5243
5193
5235
5251
5252
5255
5128
5146
7258
5087
5230
5116
4996
5023
5165
4986
5065
5257
5039
5258
5082
5148
5179
4989
5152
5058
5164
5249
5176
5114
5260
5184
5264
5044
5117
5080
5227
5062
5205
5136
5007
5197
5254
5228
5030
5240
4988
5143
5034
5099
5103
5191
5207
5000
5125
5220
5108
5028
5074
5086
5149
5241
5110
5051
5172
5049
5075
5151
5090
5168
5119
5153
5113
5204
5024
5129
5209
5010
5186
5196
5097
5008
5256
5194
5066
5077
5162
5088
4991
5226
5187
5166
5112
5236
5115
5217
5158
5202
5029
5111
5232
5064
5085
5101
5223
5054
5156
5135
5076
5154
5084
5181
5212
5047
5201
5081
5055
5041
5018
4998
5160
5102
5173
5120
5234
5171
5124
5003
4985
5109
5026
5224
5091
5210
5072
5248
5094
5046
5138
5002
5068
5071
5167
5250
5211
4994
5019
4984
5134
5233
5069
5231
5096
5262
5095
5239
5011
5169
5133
5192
5155
5183
6879
4987
5098
5118
5056
5105
5073
5132
5045
5206
5048
5092
5242
5222
5221
5238
5015
4979
5244
5042
5043
5185
5083
5208
5014
4982
4997
5200
5106
5225
5150
5190
5131
5159
5141
5005
5198
6707
7136
6361
7134
6362
7544
8379
8383
8680
8526
8527
8525
8524
8521
8522
8381
8380
11245
11251
8032
8031
9514
9517
9513
9515
11254
11247
11250
11252
11255
11819
11956
11957
12127
11613
11614
11617
11615
12491
12986
12699
2766
2767
2764
2946
2949
2945
2951
2947
6745
6746
4625
11899
1852
1846
1867
1860
1845
1864
1851
1848
1866
1858
1863
1865
1861
1849
1850
1847
7218
7219
