3833
6679
7156
1086
1054
1090
1073
1105
1097
1106
1111
1084
1069
1048
1052
1067
1087
1088
1077
1098
1076
1085
1056
1057
1081
1063
1094
6420
7042
6755
7526
9699
10947
10944
10949
13620
13621
111
117
115
3408
3392
3409
3403
3406
3405
3399
3404
3401
10492
13290
2684
2676
2683
2940
9121
9122
6762
6765
2532
2538
2545
2548
2547
2535
2544
2546
2542
2539
2540
2543
6708
10439
10429
9869
10915
10914
10882
11747
1916
1915
1914
1917
1923
1906
1922
1918
1919
1913
1924
1920
1903
1905
1904
5365
5408
5394
5402
5384
5380
5373
5370
5363
5381
5400
5385
5368
5374
5390
5396
5407
5405
5369
5391
5371
5398
5378
5395
5364
5379
5403
5366
5367
5397
5377
5392
5383
5389
5386
5382
6392
6692
6688
6682
6691
6689
6690
6521
6519
6604
6639
6638
6642
6656
6970
11263
11266
11264
11265
10799
13483
13240
13241
13244
13242
1273
1531
1513
1517
1527
1528
1532
1509
8513
8532
13714
13672
13698
13686
13704
13644
13650
13689
13668
13643
13671
13713
13682
13699
13648
13649
13736
13666
13655
13664
13687
13670
13654
13667
13723
13675
13707
13662
13646
13684
13652
13669
13661
13681
13685
13656
13710
13724
13738
13657
13688
13725
13726
13645
10968
8533
9919
9916
9917
11603
12160
11630
11737
11785
11829
11887
12275
12638
12776
13389
13465
122
10716
10715
10714
10717
194
189
193
195
190
6429
6428
7981
9849
9851
9877
8258
1977
2062
2080
2081
2014
1984
1981
1989
2035
1990
2001
2075
2027
2011
2038
2055
1962
2071
2017
1956
1978
2079
1966
7221
1994
1954
2024
2006
2010
1973
1965
1970
1988
2048
2031
1971
2036
2065
2052
1958
1974
2003
2032
2033
2034
1972
1976
2045
1985
1980
2000
1979
2054
2004
2005
2025
2029
2068
2012
1967
2021
2082
1983
1992
1969
2018
2058
2073
2064
1996
2043
1952
1982
2020
2028
1999
2040
2072
2041
1957
2039
2022
1959
2023
1987
2002
1968
1998
6801
6804
6817
6814
6011
6012
6013
6010
6818
6809
6807
6808
6825
6805
6821
6823
6803
6816
6815
6360
9737
7267
6812
6813
6822
7141
8305
8304
9736
8370
8642
8649
8641
8648
8636
8646
8638
8643
8631
8644
8627
8639
8632
8630
8633
8637
8652
8629
8651
8634
8645
8640
10898
10865
10866
10935
10035
10033
10034
11130
10412
10411
11652
11131
11134
11133
11135
11132
12667
12666
12669
12654
12664
12663
12665
12307
13228
13229
407
11125
11123
1706
1707
1709
1705
1710
1703
6606
7529
7531
8255
8256
9439
9441
9440
9854
12162
12958
12959
3274
3273
6434
6436
6709
1501
6869
3482
3483
12349
3109
3105
3086
3115
3060
3077
3076
3140
3091
3092
3139
3093
3125
3083
7251
3072
3128
3133
3136
3107
3052
3108
3104
3112
3064
3131
3068
3067
3130
3137
3085
3081
3055
3090
3061
3141
3094
6413
6944
6939
3079
6216
6213
6217
6215
6442
3123
6431
6432
6032
6603
6515
6517
6516
6940
7061
7053
7065
8190
8185
8679
9576
11597
11769
11328
12809
12806
11711
11567
11569
12346
13034
13030
13032
13035
13024
13033
13023
13027
13029
13200
12922
13403
13618
13616
13525
13527
13522
13528
13523
13520
13521
6951
6989
7339
10030
10001
2918
2900
2906
2907
2908
2894
2927
2909
2922
2904
2911
2910
2917
2913
2931
2921
2895
2896
2935
2925
2929
6258
2912
2914
2920
2924
6095
6871
6383
6455
8008
7032
7052
7632
7644
7643
7642
7637
7636
7630
7641
7508
7393
9602
8219
9931
10470
10473
10466
10680
10683
10682
10686
10685
10629
10630
10474
10481
10465
10480
10467
10971
10972
11767
10886
10965
10963
11144
11002
11530
11635
12024
13100
13098
13096
13196
12991
12514
12512
12516
12515
13561
13564
13570
13568
13566
13562
1844
1842
6287
10807
3826
3825
3830
3831
3818
3821
3816
3820
12671
13584
13581
13585
13586
12292
4609
6554
4608
6422
7367
10776
10778
10777
10774
10781
4824
4825
4828
4823
4267
4483
4407
4178
4066
4577
4024
3886
4114
4302
4194
4367
4266
4480
4065
3888
3922
4448
4542
3978
3956
4428
3974
3908
4220
3933
3987
4309
4053
3906
4400
4199
4273
4179
4116
4169
3878
4545
4356
4146
4171
3919
4376
4219
4295
4048
4250
3935
4033
4379
4389
4025
4049
3945
3921
4314
3951
4305
4422
4090
3861
3973
4432
3924
3911
3980
4074
3936
4172
3860
3943
4284
4242
4249
4006
4054
3928
3992
4325
4478
4197
4013
3897
3914
4505
4578
3868
4238
3997
3875
4292
4216
4184
4417
3942
4042
3998
4443
4088
3903
4050
4012
3892
6777
6776
6775
6774
6773
6779
6782
6783
3994
3932
4373
4126
3880
4513
4193
4055
4408
3883
4363
4019
4142
3858
4154
4117
4175
3923
3970
4059
4185
3876
4085
4286
4046
4147
4176
4038
4040
4425
4321
3866
3900
3949
3917
4064
3862
4327
4077
4118
4274
4177
3959
3870
4283
4027
3946
4401
3891
3907
4300
4100
3884
3881
4256
3982
3968
4228
3859
4329
4457
4119
4190
4435
4060
4162
4318
3991
3985
4034
3889
4087
4001
6781
4289
4121
4072
4092
3969
4475
4083
3882
4335
4021
4360
4125
4330
4320
4069
3929
4575
4375
4047
3947
4173
3904
4251
3869
4361
3879
4156
3916
4211
4130
4393
4113
4514
4341
4536
4237
4103
3874
4275
4009
3890
4339
4109
4427
4182
4155
4031
3990
4282
4343
4569
4144
3954
4094
4224
4263
4319
4052
4107
3962
3899
4159
4070
4023
4183
3975
4234
4186
4111
4232
3864
3938
4137
4562
3958
3885
4279
4206
4002
4331
3984
4032
4160
4236
4158
4039
4262
3893
3873
3993
4131
3966
4241
4348
4261
4264
4208
3898
4068
4404
3925
4076
4198
4201
4413
4136
3948
4115
4498
4374
3895
3983
3960
4124
4084
3988
4304
3996
4073
3865
3986
4285
3905
4180
4280
4086
4344
4486
4202
3957
4037
4056
3871
4011
4015
3913
4089
4423
3902
4139
4044
3912
3934
4008
4370
4551
4240
4020
4272
4164
4134
4449
4035
3972
4149
4412
4322
3863
3939
4252
3931
4138
3961
3930
4525
4550
4075
4127
3901
6543
6542
6540
6539
6541
6538
6537
6055
4058
6285
6302
6570
6572
6573
6569
7416
7417
6751
6993
7396
7362
9408
8019
9744
10566
10569
9742
9740
8223
8221
8222
10567
10764
10767
10772
10770
10769
10773
11206
11794
12008
12648
11514
11208
11178
11181
11218
11220
11200
11210
11207
11215
11199
11211
11217
11194
11197
11213
11186
12625
13245
12497
12495
12499
13453
13266
13265
13497
13740
13627
3390
3385
3386
3383
3384
11891
11892
11893
11894
2788
2792
2787
2785
2782
2791
2802
2805
2793
2794
2804
2795
2797
2807
2801
2800
2803
6991
6990
6992
12647
12646
543
12773
12772
13279
13280
3841
6096
3848
3844
3845
3852
3843
3840
3847
3853
3851
6152
6404
6391
6389
6387
6390
6563
6552
6536
7321
7322
7320
8313
8314
12094
12093
12140
11908
13160
13306
2251
2248
2236
2253
2239
2242
2249
2240
2232
2250
2257
2255
2246
2243
2247
2244
2234
2252
2241
2233
10797
10427
13115
761
964
963
4677
1426
6323
13544
1656
1642
1585
1591
1596
1655
1682
1677
1582
1589
1694
1643
1631
1686
1551
1674
1612
1697
1545
1683
1595
1690
1667
1618
1584
1638
1606
1581
1653
1552
1587
1555
1669
1675
1632
1647
1609
1657
1685
1662
1562
1594
1636
1620
1548
1699
1668
1580
1534
1684
1649
1646
1611
1651
1644
1560
1627
1563
1645
1588
1658
1666
1625
1630
1641
1696
1590
1691
1566
1676
1665
1599
1597
1671
1679
1688
1629
1619
1615
1623
1537
1628
1693
1554
1617
1610
1648
1660
1680
1659
1613
1608
1614
1616
1678
1661
1664
1692
1565
1640
1652
1626
1681
1698
1601
1622
1607
1689
1549
1634
1624
6151
6652
8612
8603
8599
8595
8613
8600
8609
8602
8614
8598
8615
8608
8597
8610
8601
8606
9500
9503
9501
13494
13492
13622
4789
4808
4811
4780
4767
4769
4812
4761
4783
4771
4773
4803
4810
4790
4775
4804
4791
4768
4777
4798
4776
4763
4772
4814
4778
4788
4797
4794
4786
4781
4765
4796
4782
4762
4795
4809
6415
10561
2149
2182
2158
2181
2194
2171
2141
2153
2176
2168
2167
2157
6529
6528
6535
7535
9857
8173
10957
10956
10423
11610
11605
11969
11976
11970
12112
12113
12260
12264
12266
1722
1727
5567
4622
2217
2221
2228
2216
2218
2219
2226
2227
2224
10002
5485
5533
5410
5509
5423
5506
5428
5504
5413
5440
5486
5472
5479
5484
5471
5529
5455
5441
5512
5470
5467
5416
5500
5519
5514
5436
5446
5526
5437
5425
5517
5463
5527
5442
5461
5469
5464
5459
5468
5445
5454
5458
5521
5415
5443
5491
5501
5482
5435
5439
5483
5412
5449
5462
5432
6475
6909
6038
6039
6915
6918
6904
6898
7298
7304
7301
7303
6897
6895
6899
6910
6913
6896
7294
6406
6407
6405
8664
8620
7404
7403
7405
7400
7666
7680
7689
7664
7698
7688
7667
7693
7681
7691
7674
7671
7695
7683
7589
9682
9652
9628
8112
9456
9454
9627
9620
9624
9646
9626
9666
9629
10587
10601
10595
9669
9656
9613
9632
9625
9667
9660
9637
10588
9638
9634
10589
9680
9650
9686
9675
9668
9636
10597
10592
9658
8682
10696
10702
10703
10708
10705
11286
9641
9630
9642
11341
11340
9942
9990
11284
11283
11523
11522
11666
11669
11668
11670
11671
11467
12010
12011
12014
13454
12013
11271
11277
12123
12145
12144
12150
12148
12149
11961
11960
12457
13081
13074
13078
13083
13077
13090
13079
13085
12425
12428
12434
12426
12427
12458
12462
13559
12651
12649
13168
13165
13170
13259
13263
13485
2729
2730
7391
7388
9444
9908
11416
10759
10994
10996
10992
10991
11995
12114
11011
12446
12447
12448
13149
13147
13148
13150
106
104
6577
6575
8317
9899
9900
10324
9826
10849
10845
10844
10846
11647
10902
10901
12084
12128
12232
12231
12631
11013
11962
12417
12418
12419
12416
12415
12413
12309
12308
12711
13143
1927
9887
10405
10406
10404
11651
1830
1822
1821
1828
1829
9903
10400
11407
11650
11126
12410
12409
12405
12636
12304
12626
12300
12294
12297
10510
428
429
6981
4856
4852
4854
6701
9452
10579
12371
13547
2943
2941
4848
4850
4846
4847
4829
12029
13202
13203
11939
1218
2470
2473
12165
13061
13056
13053
13113
13067
13058
13055
13057
13054
13111
13059
13064
13066
1506
2140
2136
8347
8665
7238
2687
9712
9708
406
7982
7559
7591
10755
10752
10750
10751
10754
8687
8689
9061
9064
9063
9060
9786
5615
5644
5619
5657
5663
5664
5652
5616
5661
5682
5660
5672
5627
5671
5651
5659
7260
5645
5656
5622
5687
5675
5632
5670
5669
5631
5665
5679
5674
5666
5684
5643
5641
5668
5639
5649
5623
6137
6145
6139
6144
6136
6134
6140
6142
6138
6133
6143
6135
11468
11289
11290
11795
11587
11589
13237
13232
13236
1142
1136
1150
1137
1149
1132
12439
384
387
385
386
6164
6167
10349
6984
6986
12799
12804
3253
3255
3257
3251
3261
3250
3254
6676
7130
10760
10761
10740
10744
10739
10737
10743
10749
10742
10486
10885
12743
13379
13378
10725
13072
6157
6155
6154
6159
8541
8543
1901
12926
12927
12930
12929
12931
13214
13217
13208
13209
13210
6797
6798
11397
12045
12044
12642
13004
3786
3739
3745
3729
3788
3736
3787
3743
3746
3789
3731
3741
6718
6725
6728
6729
6732
6736
3759
10522
10530
10544
10516
10546
10517
10541
10549
10543
10540
10545
12092
11364
11421
11375
11377
11420
11373
11365
11858
12027
11989
13460
13609
13588
13591
13600
13587
13610
13590
13599
13594
13611
13606
13593
13595
13608
13601
13589
3147
3149
3146
7122
7124
10483
11572
11571
11817
13614
13615
9876
826
905
844
787
816
849
815
795
833
783
871
813
891
779
834
817
865
790
789
7215
862
900
888
895
851
876
875
896
6757
6758
886
847
802
810
7308
864
819
872
777
9118
829
845
822
778
784
782
794
809
835
903
850
824
823
870
831
801
821
915
857
797
804
785
786
827
887
775
848
811
806
866
912
832
793
899
897
6594
837
814
6221
798
6699
6201
6202
6199
6195
6203
6206
6200
6204
6205
6196
6197
803
861
6111
6110
6666
6252
6253
6255
6307
6305
6304
6306
6882
6881
6883
8167
7524
8352
8365
7040
7039
7041
6376
6367
6380
6379
6490
6491
6946
6947
7038
7386
7511
7515
7516
8568
9536
9534
9538
9530
9569
9535
9568
9065
9066
8552
8553
10373
10053
9430
11070
10372
10374
11061
12158
12159
12157
12173
12175
12176
12239
11845
12918
12919
11884
11886
11867
11729
11728
11805
11804
11803
12844
12845
12838
12841
12839
12833
12843
12197
12186
12184
12222
12198
12183
12171
12182
13439
13449
13558
12975
12972
12976
13619
13482
2089
2091
2086
2090
6322
7190
7173
7178
7182
7176
7181
7174
7191
7170
7193
7189
7192
8085
8096
8064
8065
8080
8076
8066
8061
8089
8062
8067
8075
8098
8072
8082
8078
8071
8079
8074
8084
10420
10414
10413
11550
11564
11552
11561
11549
11559
11557
11927
11930
11937
11932
11929
11938
13251
13253
13257
2861
2880
2874
2864
2889
2882
2842
2859
2891
2873
2863
2853
2881
2849
2868
2860
2837
2838
2841
2844
2854
2875
2892
2887
2846
2893
11793
3412
4
1
1249
560
7583
7585
12923
13384
13382
2731
538
6938
6937
370
369
358
350
353
362
375
374
359
363
352
373
376
366
10333
10334
10337
10335
10339
4815
9323
1933
1936
1940
1930
1934
1937
11544
2822
2825
2817
2824
1716
1715
10923
2583
2581
2618
2603
2570
2612
2556
2579
2584
2557
2608
2573
2619
2568
2622
2562
2613
2592
2617
2558
2598
2551
2572
2625
2552
2609
2565
2624
2611
2554
2569
2607
2555
2566
2553
6092
6081
6079
6086
6089
6093
6076
6085
6077
2602
2564
6048
6654
2616
2610
2620
6398
2574
2563
2560
6028
6026
6027
6744
6834
6836
7991
7997
7996
7994
7992
7993
7998
7995
8263
8265
8264
10441
10939
10811
10937
9957
9965
11411
9955
9960
11412
9953
9958
9952
9947
9944
11410
9946
9948
9961
10831
10829
11510
11507
11509
11511
10985
11343
11347
11346
11345
11344
10982
11348
10987
10983
10984
12341
11854
11815
1411
12790
12791
12793
12982
388
392
389
6589
6588
6586
6587
6592
9995
10917
10918
217
246
243
228
236
231
235
226
221
245
232
239
229
250
253
247
10904
13316
13312
13321
13271
13310
13267
13322
2813
2808
2815
2816
11140
3510
3555
3513
3541
3573
3566
3506
3523
3575
3525
3554
3538
3544
3574
3576
3545
3535
3539
3492
3527
3584
3517
3596
6022
6019
3583
3556
3496
3560
3511
3512
3526
3540
3521
3488
6704
6474
6468
9557
9554
7458
7970
7645
10815
10055
11155
10855
11167
10858
11159
11774
10860
11157
11400
11332
11330
478
479
530
525
489
534
484
513
524
508
499
520
522
503
519
470
527
516
494
6368
7450
7448
7455
7447
11540
12129
12130
12969
13288
13287
1871
12134
11949
13258
921
934
935
922
923
931
927
929
926
925
930
928
7089
9787
9788
10375
10376
11757
11797
12230
11051
11394
11388
11392
11391
11390
12095
12812
13506
3838
625
626
624
9522
10786
11802
2303
2315
2306
1243
6761
2312
2310
2311
1241
2314
2304
2308
2307
11519
11634
11905
13337
9115
9107
9109
9111
9116
9102
9405
9404
12989
12987
1941
340
333
346
338
342
10331
10329
11690
11695
422
3276
3275
13042
417
416
421
665
666
638
657
677
708
645
705
635
628
655
680
672
759
7214
633
649
701
685
679
727
629
713
7212
7207
674
682
673
748
675
712
648
669
692
681
653
678
732
689
728
656
641
671
730
755
684
659
667
634
6369
6370
6649
6645
7411
9735
9733
9732
8622
9565
8659
10974
9997
11050
11424
11429
11428
12781
11913
12289
12290
13070
9480
2641
2662
2663
2642
9481
2639
2647
2661
2644
2636
2651
2643
2654
2645
2656
2659
2637
2655
8537
8567
8538
8536
8539
9987
2744
2761
2755
2751
6340
6336
6329
6334
6335
2743
2745
2747
6015
7090
6353
8000
10008
6063
6070
9795
11513
13393
10801
10805
10806
11077
11074
11071
13230
13418
13428
13420
13474
13475
13477
3801
3802
3804
3799
3813
3798
3807
3806
3800
6621
6446
9832
9837
9834
9840
9830
9833
9835
12320
12321
12332
12316
12328
12331
12318
12325
12329
13175
999
1028
1007
1026
1017
1023
6760
1042
1041
1009
1033
998
1043
1030
1036
1020
1018
7093
7094
7096
6499
294
295
4606
4605
4604
10687
586
582
602
603
593
7406
584
583
587
591
595
601
581
594
590
589
577
6147
6522
8699
12770
12483
1787
1789
1732
1736
1755
1759
6352
1754
1751
1791
9123
1793
1786
5998
6006
6008
8711
8710
8708
8706
9520
6957
6958
7561
7562
7608
7605
7601
7606
7607
8559
8558
10905
10910
10894
10897
10893
9924
9923
9927
9922
13163
11741
10796
11119
11118
11110
11115
11791
11786
12950
12944
12951
12952
12943
11814
12393
13003
12996
1797
1802
6224
6231
6236
1799
1801
6669
11799
13117
13125
13039
13040
13121
13123
13531
13530
13507
74
82
62
8
27
67
11
66
83
80
56
39
43
44
81
32
75
25
70
45
22
15
58
31
18
40
19
24
69
1445
1462
1484
1443
1447
1463
1480
1487
1446
1444
1456
1489
1478
1449
6251
6438
7164
7167
8702
10396
9496
9867
10393
10617
11087
11762
11029
11022
11031
11028
11020
11033
11032
12479
12468
12478
12476
12473
12245
12243
12364
12366
12133
1421
1419
3708
3648
3707
3665
3675
3646
3721
3636
3694
3668
3683
3643
3681
3639
3638
3688
3677
3632
3678
3676
3726
3663
3661
3625
3666
3642
3634
3637
3689
3671
3719
3622
3680
3684
3703
3714
3692
3640
3682
3633
3690
3702
3641
3704
3686
5982
5984
5979
5981
7255
6560
7360
7351
7358
7361
7355
7357
8101
8377
10514
9504
10513
12350
13223
13291
13298
13348
13296
13346
13341
13342
13294
13340
13295
13300
13351
13345
13343
13540
13539
13542
13537
13152
1222
1224
1223
6524
8043
8041
8046
8040
8044
8038
8042
8036
10388
10387
10379
10385
10378
10382
10381
10386
10967
10978
10384
12099
12097
12098
12101
12100
460
436
443
444
445
457
431
450
441
438
432
455
452
440
6346
6395
7115
7117
7163
7439
7438
7437
7960
8548
8535
10367
10723
10719
10721
10722
10016
10012
10015
11749
11052
13141
13140
12389
4628
4630
4662
4674
4668
4657
4675
4629
4658
4667
4649
4642
4653
4664
4665
4663
4652
4659
4633
4671
4661
4669
4631
4672
4632
4654
4639
4673
4647
6452
8272
9081
9078
12984
1238
1235
12706
3451
3439
6772
3474
3434
3464
3478
3415
3457
3444
3455
3450
3471
3421
3479
6770
6771
3476
3452
3442
3468
3477
3435
3416
3433
3423
3469
3470
3467
3456
3458
3417
3449
3459
3460
3465
3448
3443
3419
3466
3437
3418
3440
3447
3429
6239
3414
3431
3432
10498
10506
10509
13387
13388
13386
5338
5339
5345
5314
5347
5310
5326
5317
5340
5348
6789
5332
5341
5337
5334
6792
6791
6790
6793
5309
5313
5330
5351
5318
5331
5342
5335
5328
5329
5325
5336
5311
5343
5322
5333
5349
6289
10583
10582
10585
12274
12273
7133
397
394
393
398
395
403
396
10354
10355
10357
10359
11628
11821
11827
11823
11470
12283
12284
12280
12855
12850
12920
12851
12853
12854
1244
7027
12821
12822
12823
12818
12820
12819
2291
2267
2271
2283
2261
2296
2259
2294
2282
2290
2273
2262
2275
2287
2266
2292
2278
2277
2300
2260
2284
2268
2270
2274
2299
2264
2272
2293
2288
2265
2281
2263
2279
2297
11699
1246
6598
6596
6668
7592
13164
2476
7623
1869
12994
960
947
942
941
949
952
955
8387
8388
8624
10025
10652
10788
13623
13625
13626
13624
1812
8271
3316
3327
3322
3282
3323
3324
3300
3284
3317
3304
3290
3308
3318
3277
3281
3294
9485
3291
3325
3321
3298
3329
3279
3278
3312
3320
3303
3326
3295
3330
3302
3299
3283
3328
3297
3305
3301
6300
6966
7570
10694
11720
11574
13020
13015
13197
13021
13018
13198
13016
13019
13365
13397
13364
13399
13512
13517
13511
13515
13519
13513
13516
2770
2832
2835
1231
1228
1240
1239
6503
6502
6500
8556
8557
10827
10828
10922
10921
11080
11081
11085
11084
11083
11079
11082
12679
12695
12690
12686
12681
12693
12677
12687
12696
12697
12815
4755
4747
4745
4758
4749
4739
4742
4751
8107
8106
8105
8024
8021
9506
9505
10575
10572
10573
11844
11834
12236
12702
1296
1342
1318
1333
1359
1306
1310
1349
1279
1301
1367
1336
1297
1281
1290
1289
9477
9474
9475
1295
1361
1309
1282
1322
13548
12506
4590
4593
4589
4599
261
10052
3044
6410
7966
7968
3269
3265
13534
6260
7086
2490
2505
2519
2518
2526
2529
2527
2528
2525
2523
2521
2510
2517
6661
6657
6658
6660
7498
8733
8732
8731
8729
8728
8667
8668
8672
8671
8675
8673
11138
12645
287
284
266
285
269
265
264
7345
7433
7381
7385
8253
11602
12941
12940
12962
12939
12933
12934
13372
13369
13370
13373
13366
13377
13367
13374
12963
13556
2991
3014
2983
3022
2974
3032
3009
3021
3005
3020
2971
3008
6769
6768
6767
2997
3030
3019
3015
3018
3034
2977
3013
2978
2998
2962
2969
3028
3038
2979
2965
2967
2985
3036
3003
2990
2999
2980
2958
3035
2981
2963
3016
3012
2956
3002
2975
3037
3033
3004
2973
3031
2986
7036
7100
6401
6402
7275
7278
7277
7276
8009
7413
7961
7963
7962
10039
11531
11532
11533
11535
11979
13177
13183
13188
13178
13181
13192
13184
13190
13187
13179
3839
6128
6126
3048
3047
7270
7269
10038
13094
13095
12782
13395
13394
2084
9465
765
763
764
9886
9884
9885
9879
9881
9883
9880
9882
11968
2230
4860
4859
4863
4858
9578
9577
107
4603
4602
2829
12242
1440
1437
7028
8662
5596
5612
5576
5611
5594
5601
5599
5588
5602
5605
5583
5604
5585
5584
5595
5608
5613
5603
5581
5577
5609
5592
5578
5579
5591
5610
5614
5589
13047
13045
13049
13048
13051
13046
1807
1806
1809
1803
13044
1217
8339
8335
8341
8338
8342
8344
8340
8343
10325
1210
1214
323
302
305
327
331
304
300
321
330
299
311
306
303
319
322
325
312
7157
7161
7140
7272
12373
12378
12377
3857
3856
6244
10564
12357
12358
12354
2205
2208
2203
2213
12738
12449
12452
4833
4840
161
177
160
172
7200
7202
174
146
165
7201
147
171
143
164
175
176
142
187
155
173
7408
6364
6366
6644
7081
7080
8574
9463
1407
1374
1391
1393
1387
1385
1372
1370
1373
1399
1396
1408
1406
1380
1397
1398
1376
1384
1386
1404
1388
6257
6256
1389
7315
9435
9436
8570
8572
8569
9550
9549
9551
10999
12399
12396
199
4679
4682
4680
3380
7084
1701
7273
9479
6962
11327
12102
12104
12105
12103
3186
3164
3209
3180
3224
3237
6799
3193
3152
3169
3206
3167
3163
3215
3220
3201
3226
3172
3170
3218
3204
3200
3203
3183
3185
3214
3236
3210
3181
3217
3155
9255
3205
3179
3187
3161
3196
3171
3190
3154
3199
3213
3173
3207
3234
3176
3221
3168
3153
3175
3182
3191
6192
6194
6670
6675
6671
6672
7110
7112
7105
7114
7102
7395
2672
2674
2673
7247
6841
7242
6844
7245
7244
13577
1897
9261
9262
9259
9258
9264
9260
9098
9139
9144
9137
9141
9135
9132
9150
9131
9140
9147
9149
10442
9337
9333
9327
9330
9328
9350
9346
9342
9332
9349
9329
11292
13509
2361
2406
2343
2444
2398
2403
2397
2461
2319
2438
2366
2351
2341
2449
7234
7225
7228
2330
2348
2318
2320
2453
2421
2324
2336
7236
2433
2363
2373
2395
2422
2334
2322
2359
2465
2462
7235
2378
2392
2333
2443
2372
2460
2431
2393
2405
2371
2347
2329
2467
2407
2338
2353
2450
2387
2414
2375
2354
2349
2399
2390
2448
2466
2356
7237
2321
2384
2396
2350
7229
2402
2339
2344
2352
2342
2391
2326
2325
2380
2340
2455
2377
2362
2365
2400
2376
2447
2381
2401
2370
2383
2442
2357
2385
2346
2412
2369
2364
2394
2439
2429
2386
5975
2355
6288
6209
6211
6210
6238
6601
6504
6703
8248
8309
8310
8308
8306
8307
7195
9562
9579
9580
9583
9590
9594
9600
9589
9587
9585
9591
9581
9703
9702
9907
8656
8654
8655
8562
8566
8563
8565
9828
7581
9077
9072
9075
9443
9758
12019
12336
12340
12337
12338
12339
12335
12740
10850
11832
10936
11455
11459
11456
11460
11454
11035
13127
13129
12402
7216
1415
5295
5283
5282
5284
5276
5305
5270
5292
5288
5294
5272
5266
5273
5268
5279
5300
5271
5301
5265
6548
6551
6544
6549
6546
5280
5303
6875
5304
7078
7077
6854
6855
6852
9747
9726
11256
9974
11261
11465
11990
3042
3040
2550
2316
3354
3346
3351
3356
7072
7074
7073
11355
5357
5352
5356
5359
6628
10644
10672
9975
545
549
7203
551
535
920
919
916
11385
11384
4973
4974
4969
4961
4957
4967
4962
4968
4971
4965
4976
4963
7462
7464
5557
5560
5562
5564
5561
3797
1818
1816
1813
5546
5538
5536
5534
9775
11586
11582
13338
93
90
95
88
87
94
86
96
91
89
7316
8686
936
3369
3365
3364
3373
3360
3367
3366
3362
3359
6412
7328
7327
9603
12050
12051
11152
11153
11145
11997
13109
13107
9156
13013
13011
13010
13012
13073
10869
10873
10870
10631
567
570
574
568
6418
8217
9750
9756
10783
11039
11057
11045
11042
11382
1254
6181
6177
6180
6171
6174
6179
6633
6632
8057
8056
8170
8591
8586
9574
9852
10676
11431
11432
11731
11759
11846
11849
468
466
2726
2723
2704
2694
2701
2720
2722
2725
2710
2716
2721
2727
2706
2713
7415
8183
8184
9707
10462
10463
10461
10456
10691
12768
1810
6829
7988
7989
10689
11917
11923
12745
12748
1492
11944
412
408
197
198
2778
2777
2776
6860
5573
5571
133
135
136
5987
5986
1493
1499
1495
1494
1497
11006
11005
11010
11943
6849
3271
3270
1833
1838
1836
1837
1840
10624
8660
981
985
986
991
984
968
987
975
971
970
979
977
978
989
972
969
10920
11491
120
119
9472
9469
9470
9468
9727
11638
13510
1409
7578
3484
3486
1193
1184
1165
1183
1155
1171
1169
1206
1179
1195
1176
1187
1159
1152
1199
1156
1167
1191
1170
1174
1205
1173
1177
1188
1192
1166
1164
1153
1161
1200
6169
1182
1168
1190
6358
6309
6314
6319
6320
6312
6316
6317
6315
6119
6115
6123
6122
6117
6118
6112
6149
6131
6132
6057
6040
6056
6742
7047
7046
7120
7350
7284
7281
10028
10027
10613
10612
12817
12041
13636
13632
13633
13631
13641
13635
13637
13638
4868
8017
1884
1890
1886
1891
1889
1892
1888
7412
7263
7264
7265
7429
7428
7426
6886
6885
6884
7427
7430
8351
13458
13457
11004
609
616
607
613
619
608
614
612
605
10024
10369
10370
10371
10756
10757
10758
11053
11903
11902
12126
2103
2131
2094
2100
2096
2092
2125
2104
2132
2116
2111
2112
2095
2122
6208
2123
2124
2135
2129
6619
6608
6616
6614
6615
6612
6610
6893
10662
10660
10661
11966
11967
7557
9553
6622
6627
6625
6624
10663
13628
5551
5556
5550
5553
5548
10710
9943
1947
6892
6890
6963
12237
11801
3621
3605
3609
3618
3613
3601
3614
3620
3615
7460
8311
7502
7503
7500
7501
7330
7335
7336
7333
7331
7332
7329
9450
8737
9871
9870
9875
9872
10057
10063
10061
10058
11950
11435
11172
11175
11176
11722
11598
11600
12464
12006
12001
12002
12004
3599
3600
3598
3597
102
99
11696
11697
769
771
774
768
770
13579
13580
12048
12344
4729
4696
4731
4716
4710
4714
4712
4719
4707
4728
4718
4722
4721
4711
4704
4703
4709
4702
4699
4700
4726
4715
4697
4725
4698
4723
4706
4705
4713
4717
4724
4727
4730
6574
6101
6103
6105
6099
6097
6104
6098
6100
6850
7256
7257
6556
6559
6558
6557
7092
8270
7978
7973
7977
7976
7979
7974
7975
8267
8269
8616
10847
10571
11240
12271
12267
12270
12272
13550
13552
13554
13555
13551
13553
130
129
13488
3337
3340
3343
3335
3336
3332
3331
3344
3345
3334
3333
6357
6355
8374
10489
10490
10488
11981
12137
12138
12136
12135
13159
12993
2200
2198
2199
7223
6045
7324
11952
11448
11449
11452
11496
11506
11500
13498
6241
6242
10623
1881
1880
5974
10980
10930
11226
11229
11223
12386
10389
10390
11904
11890
4942
7421
8030
7521
10817
8744
9085
9418
9417
9494
9718
9760
9815
9769
9808
9937
11243
13362
12057
2630
7143
7499
10851
2937
209
207
214
203
205
204
206
208
8328
8329
8334
8332
8331
8330
9780
9778
9782
9777
9781
9779
8349
1831
7099
8321
8324
8165
8158
8159
8149
8154
8148
4693
463
464
6459
9448
11462
12166
2733
2735
2732
9287
9275
9311
9294
9314
9292
9290
9276
9291
9307
9281
9278
9288
9283
9312
9300
9299
9309
9313
9274
9306
9303
9293
9279
9273
9269
9305
9285
9282
9297
9304
9280
9284
9270
9301
9296
9289
9295
9277
9308
9864
9865
9863
11659
11655
11653
11656
11221
11381
11576
13225
13226
13207
13219
9091
9094
9093
9092
9090
10673
11865
11864
11547
11548
13201
13532
9248
9228
9201
9180
9183
9182
9247
9251
9237
9231
9205
9250
9215
9220
9230
9159
9188
9171
9164
9167
9233
9185
9197
9214
9229
9192
9187
9179
9177
9240
9169
9198
9210
9170
9211
9178
9181
9213
9227
9168
9158
9243
9186
9234
9160
9172
9207
9162
9166
9174
9252
9245
9232
9222
9176
9235
9221
9191
9202
9209
9204
9249
9173
9212
9242
9223
9218
9219
9225
9189
9161
9224
9193
9163
9184
9196
9226
9190
9200
9236
9194
9208
9206
9199
9246
9238
9241
9244
9157
9216
10037
10883
10009
11906
11907
12774
12775
13412
13410
13411
13433
5229
5243
5193
5235
5251
5252
5255
5128
5146
7258
5178
5230
5116
5170
5023
5165
4986
5065
5257
5039
5258
5082
5148
5179
4989
5152
5058
5164
5249
5176
5114
5260
5184
5264
5044
5117
5195
5227
5062
5205
5136
5177
5197
5254
5228
5079
5240
4988
5143
5034
5147
5103
5191
5207
5000
5125
5220
5108
5028
5188
5086
5149
5241
5110
5051
5172
5049
5075
5151
5090
5168
5119
5153
5113
5204
5024
5129
5209
5010
5186
5196
5097
5008
5256
5194
5066
5077
5162
5174
4991
5226
5187
5166
5112
5236
5104
5031
5158
5202
5029
5111
5232
5064
5203
5101
5223
5054
5156
5135
5076
5154
5084
5181
5212
5047
5201
5081
5055
5041
5018
4998
5160
5102
5173
5140
5234
5171
5124
5003
4985
5109
5026
5246
5091
5210
5072
5025
5094
5046
5139
5002
5068
5071
5167
5250
5211
4994
5019
4984
5134
5233
5069
5231
5122
5006
5095
5239
5011
5169
5133
5192
5155
5214
6879
4987
5098
5118
5056
5089
5073
5213
5045
5206
5048
5092
5242
5189
5221
5238
5015
4979
5244
5042
5043
5185
5083
5208
5014
4982
4981
5245
5106
5225
5145
5190
5131
5159
5215
5005
5198
6707
7137
6361
7135
6362
7544
8382
8383
8681
8526
8527
8525
8524
8523
8522
8381
8380
11245
11251
8032
8031
9516
9519
9513
9518
11248
11249
11253
11252
11255
11818
11958
11957
12127
11619
11618
11620
11621
12493
12986
12698
2769
2767
2764
2946
2949
2945
2950
2947
6745
6746
4625
11899
1852
1846
1867
1860
1857
1864
1854
1848
1866
1858
1863
1865
1861
1849
1850
1847
7218
7219
